2021 9 2 5 0 0 279.31
2021 9 3 5 0 0 286.16
2021 9 4 5 0 0 280.84
2021 9 5 5 0 0 282.3
2021 9 6 5 0 0 285.3
2021 9 7 5 0 0 282.86
2021 9 8 5 0 0 282.31
2021 9 9 5 0 0 287.6
2021 9 10 5 0 0 288.13
2021 9 11 5 0 0 284.81
2021 9 12 5 0 0 286.92
2021 9 13 5 0 0 283.17
2021 9 14 5 0 0 285.11
2021 9 15 5 0 0 289.43
2021 9 16 5 0 0 288.57
2021 9 17 5 0 0 286
2021 9 18 5 0 0 280.33
2021 9 19 5 0 0 282.41
2021 9 20 5 0 0 283.28
2021 9 21 5 0 0 282.34
2021 9 22 5 0 0 277.39
2021 9 23 5 0 0 281.57
2021 9 24 5 0 0 278.55
2021 9 25 5 0 0 278.72
2021 9 26 5 0 0 286.29
2021 9 27 5 0 0 285.5
2021 9 28 5 0 0 285.49
2021 9 29 5 0 0 285.09
2021 9 30 5 0 0 282.03
2021 10 1 5 0 0 274.91
2021 10 2 5 0 0 284.43
2021 10 3 5 0 0 282.98
2021 10 4 5 0 0 283.1
2021 10 5 5 0 0 283.29
2021 10 6 5 0 0 281.55
2021 10 7 5 0 0 281.08
2021 10 8 5 0 0 281.24
2021 10 9 5 0 0 280.76
2021 10 10 5 0 0 278.5
2021 10 11 5 0 0 274.91
2021 10 12 5 0 0 278.52
2021 10 13 5 0 0 279.75
2021 10 14 5 0 0 271.02
2021 10 15 5 0 0 273.99
2021 10 16 5 0 0 272.71
2021 10 17 5 0 0 277.78
2021 10 18 5 0 0 277.5
2021 10 19 5 0 0 278.72
2021 10 20 5 0 0 276.76
2021 10 21 5 0 0 284.07
2021 10 22 5 0 0 280.91
2021 10 23 5 0 0 270.48
2021 10 24 5 0 0 274.3
2021 10 25 5 0 0 274.53
2021 10 26 5 0 0 278.52
2021 10 27 5 0 0 277.35
2021 10 28 5 0 0 278.34
2021 10 29 5 0 0 277.49
2021 10 30 5 0 0 276.75
2021 10 31 5 0 0 280.32
2021 11 1 5 0 0 280.94
2021 11 2 5 0 0 278.03
2021 11 3 5 0 0 275.9
2021 11 4 5 0 0 276.78
2021 11 5 5 0 0 276.82
2021 11 6 5 0 0 271.17
2021 11 7 5 0 0 273.15
2021 11 8 5 0 0 277.4
2021 11 9 5 0 0 273.76
2021 11 10 5 0 0 271.24
2021 11 11 5 0 0 274.04
2021 11 12 5 0 0 275.7
2021 11 13 5 0 0 276.48
2021 11 14 5 0 0 278.08
2021 11 15 5 0 0 278.37
2021 11 16 5 0 0 277.07
2021 11 17 5 0 0 276.87
2021 11 18 5 0 0 271.39
2021 11 19 5 0 0 269.18
2021 11 20 5 0 0 274.36
2021 11 21 5 0 0 274.53
2021 11 22 5 0 0 275.42
2021 11 23 5 0 0 275.39
2021 11 24 5 0 0 273.8
2021 11 25 5 0 0 274.44
2021 11 26 5 0.026 2 272.37
2021 11 27 5 0.037 4 271.89
2021 11 28 5 0.019 2 272.02
2021 11 29 5 0.107 10 271.15
2021 11 30 5 0.113 14 270.44
2021 12 1 5 0.07 11 273.15
2021 12 2 5 0 0 275.77
2021 12 3 5 0.012 1 266.83
2021 12 4 5 0.039 4 273.15
2021 12 5 5 0 0 274.07
2021 12 6 5 0.008 1 273.01
2021 12 7 5 0.016 2 272.96
2021 12 8 5 0 0 273.27
2021 12 9 5 0.116 11 272.89
2021 12 10 5 0.076 10 263.24
2021 12 11 5 0.1 15 273.15
2021 12 12 5 0.088 15 264.85
2021 12 13 5 0.068 13 272.79
2021 12 14 5 0.054 11 273.1
2021 12 15 5 0.029 6 273.15
2021 12 16 5 0 0 273.15
2021 12 17 5 0 0 274.07
2021 12 18 5 0 0 272.98
2021 12 19 5 0 0 272.44
2021 12 20 5 0 0 271.39
2021 12 21 5 0 0 271.58
2021 12 22 5 0 0 271
2021 12 23 5 0 0 268.59
2021 12 24 5 0 0 271.42
2021 12 25 5 0 0 275.54
2021 12 26 5 0 0 276.64
2021 12 27 5 0 0 274.74
2021 12 28 5 0 0 276.29
2021 12 29 5 0 0 278.22
2021 12 30 5 0 0 280.82
2021 12 31 5 0 0 276.16
2022 1 1 5 0 0 271.16
2022 1 2 5 0 0 270.44
2022 1 3 5 0 0 278.18
2022 1 4 5 0 0 280.1
2022 1 5 5 0.007 1 273.15
2022 1 6 5 0.001 0 271.61
2022 1 7 5 0 0 270.91
2022 1 8 5 0.033 4 272.89
2022 1 9 5 0.001 0 273.15
2022 1 10 5 0.107 9 270.1
2022 1 11 5 0.074 10 266.81
2022 1 12 5 0.06 9 266.25
2022 1 13 5 0.061 9 261.45
2022 1 14 5 0.062 9 260.02
2022 1 15 5 0.06 9 268.75
2022 1 16 5 0.057 9 262.2
2022 1 17 5 0.054 9 272.04
2022 1 18 5 0.039 7 264.21
2022 1 19 5 0.024 5 271.94
2022 1 20 5 0.018 3 272.79
2022 1 21 5 0.007 1 270.03
2022 1 22 5 0.003 0 269.46
2022 1 23 5 0 0 268.38
2022 1 24 5 0 0 270.4
2022 1 25 5 0 0 271.64
2022 1 26 5 0 0 265.8
2022 1 27 5 0 0 269.21
2022 1 28 5 0.013 1 268.22
2022 1 29 5 0 0 270.99
2022 1 30 5 0 0 274.47
2022 1 31 5 0 0 272.9
2022 2 1 5 0.011 1 272.39
2022 2 2 5 0 0 275.54
2022 2 3 5 0 0 276.52
2022 2 4 5 0 0 274.7
2022 2 5 5 0 0 273.15
2022 2 6 5 0 0 268.95
2022 2 7 5 0 0 274.09
2022 2 8 5 0 0 266.91
2022 2 9 5 0 0 267.96
2022 2 10 5 0 0 268.82
2022 2 11 5 0 0 276.09
2022 2 12 5 0 0 266.33
2022 2 13 5 0 0 268.52
2022 2 14 5 0 0 270.67
2022 2 15 5 0 0 275.19
2022 2 16 5 0 0 273.24
2022 2 17 5 0 0 281.16
2022 2 18 5 0 0 276
2022 2 19 5 0 0 275.95
2022 2 20 5 0 0 274.04
2022 2 21 5 0 0 279.06
2022 2 22 5 0 0 275.44
2022 2 23 5 0 0 277.12
2022 2 24 5 0 0 269.83
2022 2 25 5 0.018 2 272.84
2022 2 26 5 0.003 0 263.05
2022 2 27 5 0 0 266.88
2022 2 28 5 0 0 264.99
2022 3 1 5 0 0 265.32
2022 3 2 5 0 0 266.67
2022 3 3 5 0 0 268.96
2022 3 4 5 0 0 267.82
2022 3 5 5 0 0 265.34
2022 3 6 5 0 0 265.45
2022 3 7 5 0 0 266.79
2022 3 8 5 0 0 265.21
2022 3 9 5 0 0 265.8
2022 3 10 5 0 0 266.08
2022 3 11 5 0 0 267.33
2022 3 12 5 0 0 272.97
2022 3 13 5 0 0 269.15
2022 3 14 5 0 0 276.06
2022 3 15 5 0 0 276.27
2022 3 16 5 0 0 274.14
2022 3 17 5 0 0 277.59
2022 3 18 5 0 0 278.56
2022 3 19 5 0 0 273.1
2022 3 20 5 0 0 275.55
2022 3 21 5 0 0 269.55
2022 3 22 5 0 0 269.33
2022 3 23 5 0 0 268.93
2022 3 24 5 0 0 269.64
2022 3 25 5 0 0 270.39
2022 3 26 5 0 0 272.31
2022 3 27 5 0 0 271.8
2022 3 28 5 0 0 270.67
2022 3 29 5 0 0 275.04
2022 3 30 5 0 0 280.2
2022 3 31 5 0 0 278.34
2022 4 1 5 0 0 276.18
2022 4 2 5 0.106 11 270.4
2022 4 3 5 0.114 16 270.19
2022 4 4 5 0.046 8 266.78
2022 4 5 5 0 0 275.19
2022 4 6 5 0 0 279.21
2022 4 7 5 0 0 279.69
2022 4 8 5 0 0 279.93
2022 4 9 5 0 0 275.32
2022 4 10 5 0.016 1 265.18
2022 4 11 5 0 0 271.11
2022 4 12 5 0 0 272.71
2022 4 13 5 0 0 280.21
2022 4 14 5 0 0 278.89
2022 4 15 5 0 0 284.53
2022 4 16 5 0 0 277.24
2022 4 17 5 0 0 272.36
2022 4 18 5 0 0 270.37
2022 4 19 5 0 0 271.73
2022 4 20 5 0 0 275.1
2022 4 21 5 0 0 272.01
2022 4 22 5 0 0 274.18
2022 4 23 5 0 0 279.57
2022 4 24 5 0 0 279.15
2022 4 25 5 0 0 280.24
2022 4 26 5 0 0 280.39
2022 4 27 5 0 0 277.15
2022 4 28 5 0 0 273.75
2022 4 29 5 0 0 273.68
2022 4 30 5 0 0 282.18
2022 5 1 5 0 0 279.78
2022 5 2 5 0 0 275.45
2022 5 3 5 0 0 279.99
2022 5 4 5 0 0 281.01
2022 5 5 5 0 0 283.05
2022 5 6 5 0 0 282.67
2022 5 7 5 0 0 282.71
2022 5 8 5 0 0 282.8
2022 5 9 5 0 0 284.42
2022 5 10 5 0 0 281
2022 5 11 5 0 0 282.76
2022 5 12 5 0 0 286.75
2022 5 13 5 0 0 288.6
2022 5 14 5 0 0 285.98
2022 5 15 5 0 0 282.08
2022 5 16 5 0 0 287.53
2022 5 17 5 0 0 285.53
2022 5 18 5 0 0 283.86
2022 5 19 5 0 0 285.68
2022 5 20 5 0 0 286.36
2022 5 21 5 0 0 288.57
2022 5 22 5 0 0 285.96
2022 5 23 5 0 0 288.39
2022 5 24 5 0 0 287.06
2022 5 25 5 0 0 284.8
2022 5 26 5 0 0 283.72
2022 5 27 5 0 0 283.31
2022 5 28 5 0 0 285.09
2022 5 29 5 0 0 281.29
2022 5 30 5 0 0 278.72
2022 5 31 5 0 0 283.78
2022 6 1 5 0 0 283.63
2022 6 2 5 0 0 286.49
2022 6 3 5 0 0 288.13
2022 6 4 5 0 0 286.78
2022 6 5 5 0 0 289.73
2022 6 6 5 0 0 286.68
2022 6 7 5 0 0 287.04
2022 6 8 5 0 0 285.72
2022 6 9 5 0 0 284.85
2022 6 10 5 0 0 281.61
2022 6 11 5 0 0 282.44
2022 6 12 5 0 0 284.75
2022 6 13 5 0 0 290.2
2022 6 14 5 0 0 283.63
2022 6 15 5 0 0 286.27
2022 6 16 5 0 0 290.58
2022 6 17 5 0 0 287.18
2022 6 18 5 0 0 287.09
2022 6 19 5 0 0 291.78
2022 6 20 5 0 0 292.99
2022 6 21 5 0 0 290.14
2022 6 22 5 0 0 291.68
2022 6 23 5 0 0 289.42
2022 6 24 5 0 0 289.95
2022 6 25 5 0 0 286.53
2022 6 26 5 0 0 289.32
2022 6 27 5 0 0 289.98
2022 6 28 5 0 0 287.29
2022 6 29 5 0 0 289.01
2022 6 30 5 0 0 289.08
2022 7 1 5 0 0 285.8
2022 7 2 5 0 0 285.4
2022 7 3 5 0 0 287.74
2022 7 4 5 0 0 290.96
2022 7 5 5 0 0 289.9
2022 7 6 5 0 0 285.16
2022 7 7 5 0 0 284.6
2022 7 8 5 0 0 286.2
2022 7 9 5 0 0 283.32
2022 7 10 5 0 0 287.54
2022 7 11 5 0 0 283.56
2022 7 12 5 0 0 284.39
2022 7 13 5 0 0 284.65
2022 7 14 5 0 0 291.07
2022 7 15 5 0 0 288.95
2022 7 16 5 0 0 285.57
2022 7 17 5 0 0 284.76
2022 7 18 5 0 0 285.15
2022 7 19 5 0 0 286.42
2022 7 20 5 0 0 290.97
2022 7 21 5 0 0 291.63
2022 7 22 5 0 0 287.22
2022 7 23 5 0 0 292.13
2022 7 24 5 0 0 291.45
2022 7 25 5 0 0 289.17
2022 7 26 5 0 0 291.59
2022 7 27 5 0 0 288.27
2022 7 28 5 0 0 285.61
2022 7 29 5 0 0 289.47
2022 7 30 5 0 0 285.55
2022 7 31 5 0 0 286.46
2022 8 1 5 0 0 288.61
