2021 9 2 5 0 0 266.47
2021 9 3 5 0 0 266.59
2021 9 4 5 0 0 267.13
2021 9 5 5 0.009 1 262.2
2021 9 6 5 0 0 266.98
2021 9 7 5 0 0 267.57
2021 9 8 5 0 0 266.95
2021 9 9 5 0.002 0 269.29
2021 9 10 5 0.03 5 271.19
2021 9 11 5 0.065 9 268.94
2021 9 12 5 0.026 4 262.92
2021 9 13 5 0 0 267.27
2021 9 14 5 0 0 267.2
2021 9 15 5 0.003 1 272.43
2021 9 16 5 0.054 8 270.12
2021 9 17 5 0.084 14 267.52
2021 9 18 5 0.066 11 253.17
2021 9 19 5 0.041 8 269.4
2021 9 20 5 0.234 34 267.09
2021 9 21 5 0.211 36 250.83
2021 9 22 5 0.192 36 256.74
2021 9 23 5 0.165 34 249.95
2021 9 24 5 0.148 33 251.22
2021 9 25 5 0.126 30 258.73
2021 9 26 5 0.095 24 267.66
2021 9 27 5 0.109 26 255.09
2021 9 28 5 0.097 24 258.93
2021 9 29 5 0.085 21 268.74
2021 9 30 5 0.095 23 251.59
2021 10 1 5 0.09 22 254.87
2021 10 2 5 0.089 22 264.9
2021 10 3 5 0.081 20 268.31
2021 10 4 5 0.165 35 269.26
2021 10 5 5 0.248 48 266.41
2021 10 6 5 0.33 59 261.09
2021 10 7 5 0.377 65 258.93
2021 10 8 5 0.362 65 253.51
2021 10 9 5 0.343 65 251.5
2021 10 10 5 0.333 65 244.74
2021 10 11 5 0.325 65 248.37
2021 10 12 5 0.318 64 253.06
2021 10 13 5 0.407 74 260.91
2021 10 14 5 0.395 74 245.56
2021 10 15 5 0.384 74 243.08
2021 10 16 5 0.375 74 245.35
2021 10 17 5 0.368 74 237.82
2021 10 18 5 0.361 74 252.96
2021 10 19 5 0.355 74 264.6
2021 10 20 5 0.334 73 258.6
2021 10 21 5 0.325 75 267.51
2021 10 22 5 0.326 75 254.06
2021 10 23 5 0.323 75 241.24
2021 10 24 5 0.32 75 246.24
2021 10 25 5 0.316 75 254.94
2021 10 26 5 0.311 74 259.21
2021 10 27 5 0.314 75 249.39
2021 10 28 5 0.312 75 249.31
2021 10 29 5 0.307 74 259.33
2021 10 30 5 0.305 74 263.49
2021 10 31 5 0.356 82 267.37
2021 11 1 5 0.363 84 265.4
2021 11 2 5 0.517 102 257.96
2021 11 3 5 0.538 105 260.57
2021 11 4 5 0.735 123 255.18
2021 11 5 5 0.723 125 237.37
2021 11 6 5 0.691 125 234.63
2021 11 7 5 0.667 125 238.89
2021 11 8 5 0.648 125 242.2
2021 11 9 5 0.631 125 245.31
2021 11 10 5 0.616 126 266.13
2021 11 11 5 0.61 128 263.42
2021 11 12 5 0.596 128 253.88
2021 11 13 5 0.584 128 265.31
2021 11 14 5 0.629 134 257.05
2021 11 15 5 0.706 145 263.56
2021 11 16 5 0.734 153 251.89
2021 11 17 5 0.717 154 263.68
2021 11 18 5 0.699 154 242.51
2021 11 19 5 0.686 154 248.13
2021 11 20 5 0.675 154 251.02
2021 11 21 5 0.665 154 244.57
2021 11 22 5 0.67 155 258.26
2021 11 23 5 0.668 156 255.19
2021 11 24 5 0.665 157 243.18
2021 11 25 5 0.658 157 256.44
2021 11 26 5 0.709 162 259.78
2021 11 27 5 0.73 165 254.01
2021 11 28 5 0.857 172 246.26
2021 11 29 5 1.135 189 248.53
2021 11 30 5 1.273 203 243.12
2021 12 1 5 1.269 217 246.85
2021 12 2 5 1.231 222 249.3
2021 12 3 5 1.272 229 230.87
2021 12 4 5 1.323 246 263.63
2021 12 5 5 1.521 279 250.33
2021 12 6 5 1.491 283 240.08
2021 12 7 5 1.521 292 254.3
2021 12 8 5 1.516 300 258.98
2021 12 9 5 1.792 323 251.71
2021 12 10 5 1.698 325 252.38
2021 12 11 5 1.805 343 252.18
2021 12 12 5 1.753 348 238.2
2021 12 13 5 1.667 348 262.48
2021 12 14 5 1.603 348 245.49
2021 12 15 5 1.553 348 246.35
2021 12 16 5 1.512 348 249.02
2021 12 17 5 1.477 349 245.97
2021 12 18 5 1.447 349 245.91
2021 12 19 5 1.422 349 238.01
2021 12 20 5 1.4 349 251.97
2021 12 21 5 1.38 349 237.61
2021 12 22 5 1.363 349 236.51
2021 12 23 5 1.347 349 247.45
2021 12 24 5 1.334 349 251.22
2021 12 25 5 1.366 355 261.57
2021 12 26 5 1.405 360 261.07
2021 12 27 5 1.432 365 248.51
2021 12 28 5 1.49 374 263.42
2021 12 29 5 1.553 388 260.7
2021 12 30 5 2.023 471 268
2021 12 31 5 1.945 471 248.27
2022 1 1 5 1.887 471 249.03
2022 1 2 5 1.841 471 249.07
2022 1 3 5 1.803 471 261.5
2022 1 4 5 1.799 476 267.34
2022 1 5 5 1.887 488 257.69
2022 1 6 5 1.917 493 248.83
2022 1 7 5 1.883 493 239.6
2022 1 8 5 1.988 503 252.63
2022 1 9 5 2.099 515 253.01
2022 1 10 5 2.37 536 250.66
2022 1 11 5 2.283 537 246.93
2022 1 12 5 2.203 537 247.9
2022 1 13 5 2.141 537 244.53
2022 1 14 5 2.091 537 243.46
2022 1 15 5 2.049 537 239.78
2022 1 16 5 2.014 537 244.13
2022 1 17 5 1.984 537 240.34
2022 1 18 5 1.957 537 246.89
2022 1 19 5 1.932 538 239.61
2022 1 20 5 1.94 539 254.01
2022 1 21 5 1.939 541 235.83
2022 1 22 5 1.919 541 242.25
2022 1 23 5 1.9 541 241.97
2022 1 24 5 1.882 541 247.93
2022 1 25 5 1.865 541 241.09
2022 1 26 5 1.85 541 240.86
2022 1 27 5 1.835 541 241.75
2022 1 28 5 1.825 542 255.92
2022 1 29 5 1.81 542 259.64
2022 1 30 5 1.797 542 254.93
2022 1 31 5 1.781 542 257.49
2022 2 1 5 2.425 589 251.25
2022 2 2 5 2.689 626 254.78
2022 2 3 5 2.802 654 260.1
2022 2 4 5 2.682 654 245.42
2022 2 5 5 2.614 656 257.95
2022 2 6 5 2.549 656 241.84
2022 2 7 5 2.752 689 254.19
2022 2 8 5 2.814 702 244.64
2022 2 9 5 2.733 702 249.77
2022 2 10 5 2.667 702 248.09
2022 2 11 5 2.635 704 260.85
2022 2 12 5 2.67 712 228.11
2022 2 13 5 2.621 712 231.55
2022 2 14 5 2.58 712 236.03
2022 2 15 5 2.624 717 255.58
2022 2 16 5 2.661 723 260.41
2022 2 17 5 2.805 752 266.3
2022 2 18 5 2.769 757 259.23
2022 2 19 5 2.796 766 257.51
2022 2 20 5 2.752 766 259.04
2022 2 21 5 2.718 768 261.14
2022 2 22 5 3.252 820 253.78
2022 2 23 5 3.193 824 252.65
2022 2 24 5 3.107 824 246.91
2022 2 25 5 3.08 828 252.03
2022 2 26 5 3.232 840 229.9
2022 2 27 5 3.147 840 234.21
2022 2 28 5 3.081 840 239.17
2022 3 1 5 3.024 840 238.23
2022 3 2 5 2.976 840 241.03
2022 3 3 5 2.934 840 253.64
2022 3 4 5 2.897 840 252.27
2022 3 5 5 2.863 840 226.46
2022 3 6 5 2.833 840 224.43
2022 3 7 5 2.806 840 234.45
2022 3 8 5 2.78 840 237.88
2022 3 9 5 2.756 840 238.08
2022 3 10 5 2.734 840 232.56
2022 3 11 5 2.714 840 242.2
2022 3 12 5 2.696 841 258.22
2022 3 13 5 2.677 841 255.67
2022 3 14 5 2.685 843 237.51
2022 3 15 5 2.724 850 264.62
2022 3 16 5 2.724 853 257
2022 3 17 5 2.703 853 248.63
2022 3 18 5 2.682 853 260.43
2022 3 19 5 2.681 855 245.75
2022 3 20 5 2.674 856 256.54
2022 3 21 5 2.659 856 240.28
2022 3 22 5 2.644 857 235.57
2022 3 23 5 2.627 856 246.16
2022 3 24 5 2.612 856 238.01
2022 3 25 5 2.599 856 241.06
2022 3 26 5 2.587 856 239.77
2022 3 27 5 2.575 856 238.09
2022 3 28 5 2.563 856 239.05
2022 3 29 5 2.551 856 251.55
2022 3 30 5 2.562 858 261.49
2022 3 31 5 2.598 862 258.1
2022 4 1 5 2.686 869 254.93
2022 4 2 5 2.902 884 252.06
2022 4 3 5 2.893 886 241.02
2022 4 4 5 2.864 886 235.69
2022 4 5 5 2.843 887 262.53
2022 4 6 5 2.824 888 244.92
2022 4 7 5 2.864 896 260.79
2022 4 8 5 2.922 909 262.33
2022 4 9 5 2.991 919 256.38
2022 4 10 5 3.276 939 235.83
2022 4 11 5 3.215 939 244.55
2022 4 12 5 3.165 940 256.24
2022 4 13 5 3.119 940 261.33
2022 4 14 5 3.077 939 246.1
2022 4 15 5 3.043 940 247.88
2022 4 16 5 3.012 940 243.17
2022 4 17 5 2.985 940 243.01
2022 4 18 5 2.959 940 240.73
2022 4 19 5 2.937 940 239.08
2022 4 20 5 2.915 940 239.57
2022 4 21 5 2.895 940 243.37
2022 4 22 5 2.875 940 257.52
2022 4 23 5 2.882 942 264.3
2022 4 24 5 3.052 967 258.38
2022 4 25 5 3.183 986 262.4
2022 4 26 5 3.195 992 260.82
2022 4 27 5 3.23 999 238.4
2022 4 28 5 3.194 999 235.48
2022 4 29 5 3.164 999 237.31
2022 4 30 5 3.182 1005 264.37
2022 5 1 5 3.237 1014 239.02
2022 5 2 5 3.205 1014 237.77
2022 5 3 5 3.25 1021 263.83
2022 5 4 5 3.303 1030 260.73
2022 5 5 5 3.341 1039 264.33
2022 5 6 5 3.374 1050 264.66
2022 5 7 5 3.337 1051 262.48
2022 5 8 5 3.304 1052 260.84
2022 5 9 5 3.281 1053 261.02
2022 5 10 5 3.279 1057 247.22
2022 5 11 5 3.249 1057 251.79
2022 5 12 5 3.223 1057 259.28
2022 5 13 5 3.199 1058 269.79
2022 5 14 5 3.178 1059 255
2022 5 15 5 3.153 1059 254.19
2022 5 16 5 3.177 1067 265.24
2022 5 17 5 3.164 1069 256.25
2022 5 18 5 3.144 1069 253.39
2022 5 19 5 3.126 1069 263.48
2022 5 20 5 3.173 1082 259.54
2022 5 21 5 3.152 1082 272.15
2022 5 22 5 3.128 1082 270.62
2022 5 23 5 3.101 1083 270.94
2022 5 24 5 3.194 1101 269.39
2022 5 25 5 3.193 1103 265.88
2022 5 26 5 3.175 1103 250.22
2022 5 27 5 3.158 1103 253.69
2022 5 28 5 3.137 1104 253.58
2022 5 29 5 3.123 1104 247.19
2022 5 30 5 3.118 1105 253.87
2022 5 31 5 3.106 1105 263.88
2022 6 1 5 3.195 1120 257.77
2022 6 2 5 3.286 1138 271.27
2022 6 3 5 3.269 1139 270.11
2022 6 4 5 3.259 1142 266.68
2022 6 5 5 3.224 1143 273.15
2022 6 6 5 3.264 1155 262.3
2022 6 7 5 3.28 1161 269.28
2022 6 8 5 3.299 1166 251.88
2022 6 9 5 3.355 1176 265.93
2022 6 10 5 3.366 1180 246.85
2022 6 11 5 3.347 1180 249.67
2022 6 12 5 3.328 1181 259.12
2022 6 13 5 3.332 1184 272.73
2022 6 14 5 3.323 1187 253.86
2022 6 15 5 3.305 1187 271.76
2022 6 16 5 3.27 1197 270.18
2022 6 17 5 3.209 1199 263.73
2022 6 18 5 3.178 1199 261.92
2022 6 19 5 3.143 1199 263.37
2022 6 20 5 3.094 1201 265.5
2022 6 21 5 3.045 1201 272.13
2022 6 22 5 2.98 1211 272.85
2022 6 23 5 2.956 1222 262.93
2022 6 24 5 2.913 1224 268.73
2022 6 25 5 2.925 1233 254.61
2022 6 26 5 2.889 1234 271.69
2022 6 27 5 2.809 1229 273.15
2022 6 28 5 2.791 1225 273.15
2022 6 29 5 2.806 1232 265.45
2022 6 30 5 2.778 1232 267.75
2022 7 1 5 2.797 1241 272.2
2022 7 2 5 2.789 1244 256.74
2022 7 3 5 2.77 1244 269.94
2022 7 4 5 2.773 1253 272.53
2022 7 5 5 2.897 1277 269.6
2022 7 6 5 2.863 1278 253.03
2022 7 7 5 2.84 1278 255.25
2022 7 8 5 2.822 1278 255.74
2022 7 9 5 2.805 1278 256.76
2022 7 10 5 2.787 1278 256.17
2022 7 11 5 2.755 1278 258.69
2022 7 12 5 2.724 1278 263.34
2022 7 13 5 2.684 1275 259.65
2022 7 14 5 2.632 1265 272.67
2022 7 15 5 2.569 1246 268.49
2022 7 16 5 2.505 1226 262.38
2022 7 17 5 2.445 1208 262.06
2022 7 18 5 2.386 1188 262.94
2022 7 19 5 2.327 1167 263.47
2022 7 20 5 2.263 1144 273.15
2022 7 21 5 2.211 1120 269.54
2022 7 22 5 2.151 1093 264.07
2022 7 23 5 2.091 1069 273.15
2022 7 24 5 2.034 1041 264.31
2022 7 25 5 1.974 1014 267.26
2022 7 26 5 1.932 989 273.15
2022 7 27 5 1.894 973 269.11
2022 7 28 5 1.847 954 267.12
2022 7 29 5 2.002 969 272.69
2022 7 30 5 2.062 980 266.22
2022 7 31 5 2.056 980 257.1
2022 8 1 5 2.05 981 256.38
