2021 9 2 5 0 0 281.73
2021 9 3 5 0 0 286.17
2021 9 4 5 0 0 283.87
2021 9 5 5 0 0 286.66
2021 9 6 5 0 0 286.34
2021 9 7 5 0 0 285.74
2021 9 8 5 0 0 286.23
2021 9 9 5 0 0 285.54
2021 9 10 5 0 0 284.99
2021 9 11 5 0 0 286.06
2021 9 12 5 0 0 283.09
2021 9 13 5 0 0 282.68
2021 9 14 5 0 0 284.11
2021 9 15 5 0 0 287.56
2021 9 16 5 0 0 287.83
2021 9 17 5 0 0 285.27
2021 9 18 5 0 0 287.61
2021 9 19 5 0 0 286.2
2021 9 20 5 0 0 281.11
2021 9 21 5 0 0 280.11
2021 9 22 5 0 0 277.32
2021 9 23 5 0 0 283.19
2021 9 24 5 0 0 278.38
2021 9 25 5 0 0 281.43
2021 9 26 5 0 0 286.88
2021 9 27 5 0 0 281.49
2021 9 28 5 0 0 281.07
2021 9 29 5 0 0 285.67
2021 9 30 5 0 0 280.54
2021 10 1 5 0 0 281.24
2021 10 2 5 0 0 284
2021 10 3 5 0 0 284.55
2021 10 4 5 0 0 285.98
2021 10 5 5 0 0 284.49
2021 10 6 5 0 0 282.28
2021 10 7 5 0 0 276.9
2021 10 8 5 0 0 281.16
2021 10 9 5 0 0 281.32
2021 10 10 5 0 0 276.56
2021 10 11 5 0 0 273.37
2021 10 12 5 0 0 275.12
2021 10 13 5 0 0 277.34
2021 10 14 5 0 0 271.92
2021 10 15 5 0 0 271.91
2021 10 16 5 0 0 273.89
2021 10 17 5 0 0 272.87
2021 10 18 5 0 0 275.45
2021 10 19 5 0 0 275.55
2021 10 20 5 0 0 275.98
2021 10 21 5 0 0 282.42
2021 10 22 5 0 0 276
2021 10 23 5 0 0 274.57
2021 10 24 5 0 0 278.74
2021 10 25 5 0 0 275.18
2021 10 26 5 0 0 271.86
2021 10 27 5 0 0 273.12
2021 10 28 5 0 0 272.87
2021 10 29 5 0 0 272.73
2021 10 30 5 0 0 279.1
2021 10 31 5 0 0 279.6
2021 11 1 5 0 0 279.8
2021 11 2 5 0 0 274.57
2021 11 3 5 0 0 278.01
2021 11 4 5 0 0 276.04
2021 11 5 5 0 0 270.87
2021 11 6 5 0 0 269.21
2021 11 7 5 0 0 269.38
2021 11 8 5 0 0 270.6
2021 11 9 5 0 0 270.56
2021 11 10 5 0 0 278.16
2021 11 11 5 0 0 280.39
2021 11 12 5 0 0 276.43
2021 11 13 5 0 0 275.13
2021 11 14 5 0 0 278.75
2021 11 15 5 0 0 278.56
2021 11 16 5 0 0 275.81
2021 11 17 5 0 0 279.62
2021 11 18 5 0 0 278.17
2021 11 19 5 0 0 272.19
2021 11 20 5 0 0 272.19
2021 11 21 5 0 0 273.88
2021 11 22 5 0 0 277.81
2021 11 23 5 0 0 277.64
2021 11 24 5 0 0 271.99
2021 11 25 5 0 0 275.03
2021 11 26 5 0 0 276.15
2021 11 27 5 0 0 274.72
2021 11 28 5 0.158 18 271.13
2021 11 29 5 0.128 19 269.01
2021 11 30 5 0.104 17 262.9
2021 12 1 5 0.086 16 266.98
2021 12 2 5 0.055 11 272.43
2021 12 3 5 0.027 6 266.33
2021 12 4 5 0.019 4 269.15
2021 12 5 5 0.007 2 271.06
2021 12 6 5 0 0 270
2021 12 7 5 0 0 270.53
2021 12 8 5 0 0 271.89
2021 12 9 5 0.241 24 270.68
2021 12 10 5 0.184 23 264.65
2021 12 11 5 0.177 24 269.95
2021 12 12 5 0.143 23 266.59
2021 12 13 5 0.102 19 273.15
2021 12 14 5 0.063 12 267.76
2021 12 15 5 0.024 5 269.8
2021 12 16 5 0.001 0 272.39
2021 12 17 5 0 0 268.39
2021 12 18 5 0 0 269.38
2021 12 19 5 0 0 269.52
2021 12 20 5 0 0 271.64
2021 12 21 5 0 0 272.64
2021 12 22 5 0 0 267
2021 12 23 5 0 0 265.84
2021 12 24 5 0 0 268.61
2021 12 25 5 0 0 270.69
2021 12 26 5 0 0 271.6
2021 12 27 5 0 0 271.92
2021 12 28 5 0 0 274.27
2021 12 29 5 0 0 272.3
2021 12 30 5 0 0 275.89
2021 12 31 5 0 0 274.24
2022 1 1 5 0 0 276.83
2022 1 2 5 0 0 272.08
2022 1 3 5 0 0 272.28
2022 1 4 5 0 0 276.1
2022 1 5 5 0 0 276.7
2022 1 6 5 0 0 270.48
2022 1 7 5 0 0 266.31
2022 1 8 5 0 0 267.31
2022 1 9 5 0.003 0 270.29
2022 1 10 5 0 0 269.2
2022 1 11 5 0 0 267.74
2022 1 12 5 0 0 265.48
2022 1 13 5 0 0 265.06
2022 1 14 5 0 0 267.68
2022 1 15 5 0 0 271.3
2022 1 16 5 0 0 270.3
2022 1 17 5 0 0 269.82
2022 1 18 5 0 0 270.11
2022 1 19 5 0 0 268.02
2022 1 20 5 0 0 271.68
2022 1 21 5 0 0 271.16
2022 1 22 5 0 0 269.31
2022 1 23 5 0 0 269.84
2022 1 24 5 0 0 267.49
2022 1 25 5 0 0 268.68
2022 1 26 5 0 0 270.84
2022 1 27 5 0 0 271.09
2022 1 28 5 0 0 271.83
2022 1 29 5 0 0 269.58
2022 1 30 5 0 0 271.11
2022 1 31 5 0 0 272.13
2022 2 1 5 0 0 270.28
2022 2 2 5 0 0 270.01
2022 2 3 5 0 0 272.62
2022 2 4 5 0 0 268.83
2022 2 5 5 0 0 271.57
2022 2 6 5 0 0 268.63
2022 2 7 5 0 0 271.04
2022 2 8 5 0 0 269.62
2022 2 9 5 0 0 269.3
2022 2 10 5 0 0 268.38
2022 2 11 5 0 0 273.51
2022 2 12 5 0 0 266.34
2022 2 13 5 0 0 268.14
2022 2 14 5 0 0 270.31
2022 2 15 5 0.154 14 272.33
2022 2 16 5 0.058 8 259.67
2022 2 17 5 0.018 3 270.02
2022 2 18 5 0 0 272.62
2022 2 19 5 0 0 277
2022 2 20 5 0 0 270.76
2022 2 21 5 0 0 274.04
2022 2 22 5 0 0 269.24
2022 2 23 5 0 0 271.47
2022 2 24 5 0 0 270.05
2022 2 25 5 0 0 271.39
2022 2 26 5 0 0 268.59
2022 2 27 5 0 0 266.54
2022 2 28 5 0 0 266.25
2022 3 1 5 0.016 1 268.51
2022 3 2 5 0 0 266.61
2022 3 3 5 0 0 270.94
2022 3 4 5 0 0 268.71
2022 3 5 5 0.001 0 271.68
2022 3 6 5 0.004 0 269.8
2022 3 7 5 0 0 266.11
2022 3 8 5 0.001 0 270.03
2022 3 9 5 0 0 264.54
2022 3 10 5 0 0 266.36
2022 3 11 5 0 0 269.5
2022 3 12 5 0 0 272.16
2022 3 13 5 0 0 269.97
2022 3 14 5 0.003 0 272.4
2022 3 15 5 0 0 276.1
2022 3 16 5 0 0 270.06
2022 3 17 5 0 0 276.77
2022 3 18 5 0 0 277.48
2022 3 19 5 0 0 275.05
2022 3 20 5 0 0 268.11
2022 3 21 5 0 0 268.39
2022 3 22 5 0 0 268.75
2022 3 23 5 0 0 269.05
2022 3 24 5 0 0 270.29
2022 3 25 5 0 0 271.53
2022 3 26 5 0 0 272.23
2022 3 27 5 0 0 271.93
2022 3 28 5 0 0 270.94
2022 3 29 5 0 0 273.12
2022 3 30 5 0 0 277.48
2022 3 31 5 0 0 277
2022 4 1 5 0 0 276.1
2022 4 2 5 0.028 3 272.57
2022 4 3 5 0 0 270.38
2022 4 4 5 0.031 3 271.98
2022 4 5 5 0 0 270.15
2022 4 6 5 0 0 270.78
2022 4 7 5 0 0 273.03
2022 4 8 5 0 0 274.92
2022 4 9 5 0 0 277.47
2022 4 10 5 0 0 269.54
2022 4 11 5 0 0 270.09
2022 4 12 5 0 0 271.76
2022 4 13 5 0 0 275.38
2022 4 14 5 0 0 275.89
2022 4 15 5 0 0 276.23
2022 4 16 5 0 0 276.94
2022 4 17 5 0 0 275.75
2022 4 18 5 0 0 272.86
2022 4 19 5 0 0 272.16
2022 4 20 5 0 0 278.51
2022 4 21 5 0 0 278.75
2022 4 22 5 0 0 278.6
2022 4 23 5 0 0 279.72
2022 4 24 5 0 0 277.31
2022 4 25 5 0 0 274.39
2022 4 26 5 0 0 280.22
2022 4 27 5 0 0 273.8
2022 4 28 5 0 0 277.49
2022 4 29 5 0 0 277.43
2022 4 30 5 0 0 280.84
2022 5 1 5 0 0 277.82
2022 5 2 5 0 0 277.98
2022 5 3 5 0 0 281.6
2022 5 4 5 0 0 281.37
2022 5 5 5 0 0 281.89
2022 5 6 5 0 0 281.18
2022 5 7 5 0 0 281.93
2022 5 8 5 0 0 282.58
2022 5 9 5 0 0 283.61
2022 5 10 5 0 0 281.87
2022 5 11 5 0 0 282.43
2022 5 12 5 0 0 283.22
2022 5 13 5 0 0 286.45
2022 5 14 5 0 0 287.06
2022 5 15 5 0 0 286.06
2022 5 16 5 0 0 287.56
2022 5 17 5 0 0 282.98
2022 5 18 5 0 0 284.59
2022 5 19 5 0 0 287.6
2022 5 20 5 0 0 284.48
2022 5 21 5 0 0 287.93
2022 5 22 5 0 0 286.72
2022 5 23 5 0 0 289.79
2022 5 24 5 0 0 286.79
2022 5 25 5 0 0 285.2
2022 5 26 5 0 0 286.67
2022 5 27 5 0 0 286.09
2022 5 28 5 0 0 286.7
2022 5 29 5 0 0 283.22
2022 5 30 5 0 0 281.82
2022 5 31 5 0 0 284.41
2022 6 1 5 0 0 282.47
2022 6 2 5 0 0 286.87
2022 6 3 5 0 0 288.96
2022 6 4 5 0 0 284.31
2022 6 5 5 0 0 289.69
2022 6 6 5 0 0 284.11
2022 6 7 5 0 0 288.05
2022 6 8 5 0 0 283.74
2022 6 9 5 0 0 284.48
2022 6 10 5 0 0 283.07
2022 6 11 5 0 0 282.47
2022 6 12 5 0 0 284.3
2022 6 13 5 0 0 287.14
2022 6 14 5 0 0 286.9
2022 6 15 5 0 0 289.63
2022 6 16 5 0 0 288.43
2022 6 17 5 0 0 287.34
2022 6 18 5 0 0 287.82
2022 6 19 5 0 0 288.74
2022 6 20 5 0 0 290.16
2022 6 21 5 0 0 289.51
2022 6 22 5 0 0 290.74
2022 6 23 5 0 0 286.85
2022 6 24 5 0 0 289.37
2022 6 25 5 0 0 283.71
2022 6 26 5 0 0 286.62
2022 6 27 5 0 0 290.4
2022 6 28 5 0 0 291.35
2022 6 29 5 0 0 289.24
2022 6 30 5 0 0 289.01
2022 7 1 5 0 0 289.9
2022 7 2 5 0 0 287.11
2022 7 3 5 0 0 289.82
2022 7 4 5 0 0 290.85
2022 7 5 5 0 0 287.62
2022 7 6 5 0 0 289.78
2022 7 7 5 0 0 290.08
2022 7 8 5 0 0 283.83
2022 7 9 5 0 0 283.6
2022 7 10 5 0 0 284.24
2022 7 11 5 0 0 286.13
2022 7 12 5 0 0 290.27
2022 7 13 5 0 0 290.29
2022 7 14 5 0 0 291.06
2022 7 15 5 0 0 289.4
2022 7 16 5 0 0 292.28
2022 7 17 5 0 0 290.72
2022 7 18 5 0 0 292.32
2022 7 19 5 0 0 292.16
2022 7 20 5 0 0 290.36
2022 7 21 5 0 0 290.73
2022 7 22 5 0 0 290.02
2022 7 23 5 0 0 290.88
2022 7 24 5 0 0 292.65
2022 7 25 5 0 0 291
2022 7 26 5 0 0 292.51
2022 7 27 5 0 0 290.65
2022 7 28 5 0 0 290.9
2022 7 29 5 0 0 287.69
2022 7 30 5 0 0 285.21
2022 7 31 5 0 0 286.3
2022 8 1 5 0 0 289.35
