2021 9 2 5 0 0 277.99
2021 9 3 5 0 0 280.69
2021 9 4 5 0 0 279.18
2021 9 5 5 0 0 280.46
2021 9 6 5 0 0 280.73
2021 9 7 5 0 0 281.44
2021 9 8 5 0 0 281.48
2021 9 9 5 0 0 285.99
2021 9 10 5 0 0 287.19
2021 9 11 5 0 0 286.29
2021 9 12 5 0 0 282.89
2021 9 13 5 0 0 282.93
2021 9 14 5 0 0 282.19
2021 9 15 5 0 0 287.93
2021 9 16 5 0 0 286.81
2021 9 17 5 0 0 286.18
2021 9 18 5 0 0 278.56
2021 9 19 5 0 0 284.53
2021 9 20 5 0 0 282.41
2021 9 21 5 0 0 281.88
2021 9 22 5 0 0 281.09
2021 9 23 5 0 0 276.6
2021 9 24 5 0 0 278.39
2021 9 25 5 0 0 277.5
2021 9 26 5 0 0 282.47
2021 9 27 5 0 0 283.17
2021 9 28 5 0 0 285.1
2021 9 29 5 0 0 284.89
2021 9 30 5 0 0 281.56
2021 10 1 5 0 0 275.28
2021 10 2 5 0 0 281.82
2021 10 3 5 0 0 284.99
2021 10 4 5 0 0 283.03
2021 10 5 5 0 0 282.59
2021 10 6 5 0 0 279.67
2021 10 7 5 0 0 279.62
2021 10 8 5 0 0 279.94
2021 10 9 5 0 0 281.12
2021 10 10 5 0 0 273.46
2021 10 11 5 0 0 270.18
2021 10 12 5 0 0 271.93
2021 10 13 5 0 0 278.34
2021 10 14 5 0 0 271.35
2021 10 15 5 0 0 269.76
2021 10 16 5 0 0 275.41
2021 10 17 5 0 0 271.57
2021 10 18 5 0 0 274.31
2021 10 19 5 0 0 279.66
2021 10 20 5 0 0 275.49
2021 10 21 5 0 0 282.12
2021 10 22 5 0 0 278.09
2021 10 23 5 0 0 275.86
2021 10 24 5 0 0 269.03
2021 10 25 5 0 0 271.53
2021 10 26 5 0 0 275.38
2021 10 27 5 0 0 271.07
2021 10 28 5 0 0 270.47
2021 10 29 5 0 0 273.28
2021 10 30 5 0 0 277.61
2021 10 31 5 0 0 279.22
2021 11 1 5 0 0 280.08
2021 11 2 5 0 0 276.83
2021 11 3 5 0 0 275.51
2021 11 4 5 0 0 275.66
2021 11 5 5 0 0 273.29
2021 11 6 5 0 0 271.72
2021 11 7 5 0 0 268.05
2021 11 8 5 0 0 270.93
2021 11 9 5 0 0 273.54
2021 11 10 5 0 0 277.99
2021 11 11 5 0 0 276.61
2021 11 12 5 0 0 273.07
2021 11 13 5 0 0 276.65
2021 11 14 5 0 0 277.82
2021 11 15 5 0 0 277.89
2021 11 16 5 0 0 276.05
2021 11 17 5 0 0 276.88
2021 11 18 5 0 0 274.67
2021 11 19 5 0 0 269.69
2021 11 20 5 0 0 269.16
2021 11 21 5 0 0 268.55
2021 11 22 5 0 0 274.63
2021 11 23 5 0 0 274.74
2021 11 24 5 0 0 273.51
2021 11 25 5 0 0 270.41
2021 11 26 5 0.02 2 273.1
2021 11 27 5 0.046 5 269.19
2021 11 28 5 0.062 7 270.52
2021 11 29 5 0.145 17 269.73
2021 11 30 5 0.159 21 262.88
2021 12 1 5 0.115 19 269.59
2021 12 2 5 0.062 11 272.57
2021 12 3 5 0.102 14 270.2
2021 12 4 5 0.076 12 273.15
2021 12 5 5 0.032 4 271.18
2021 12 6 5 0.069 6 270.09
2021 12 7 5 0.082 10 267.33
2021 12 8 5 0.057 9 272.83
2021 12 9 5 0.151 19 269.68
2021 12 10 5 0.118 19 267.13
2021 12 11 5 0.176 31 271.81
2021 12 12 5 0.172 34 259.11
2021 12 13 5 0.158 33 271.06
2021 12 14 5 0.151 33 260
2021 12 15 5 0.148 34 261.15
2021 12 16 5 0.146 34 269.33
2021 12 17 5 0.142 34 259.36
2021 12 18 5 0.139 34 263
2021 12 19 5 0.139 34 258.33
2021 12 20 5 0.14 34 256.77
2021 12 21 5 0.14 34 259.03
2021 12 22 5 0.141 34 252.05
2021 12 23 5 0.142 34 256.91
2021 12 24 5 0.138 34 261.75
2021 12 25 5 0.119 32 273.15
2021 12 26 5 0.102 29 273.15
2021 12 27 5 0.084 24 264.52
2021 12 28 5 0.068 20 273.15
2021 12 29 5 0.031 10 272.33
2021 12 30 5 0 0 278.1
2021 12 31 5 0 0 272.11
2022 1 1 5 0 0 270.61
2022 1 2 5 0 0 272.74
2022 1 3 5 0 0 275.49
2022 1 4 5 0 0 278.37
2022 1 5 5 0 0 274.66
2022 1 6 5 0.004 0 269.86
2022 1 7 5 0.002 0 262.08
2022 1 8 5 0.047 5 271.45
2022 1 9 5 0.072 10 272.77
2022 1 10 5 0.145 19 270.99
2022 1 11 5 0.164 23 269.11
2022 1 12 5 0.154 23 263.79
2022 1 13 5 0.15 23 252.03
2022 1 14 5 0.148 23 253.64
2022 1 15 5 0.141 23 260.22
2022 1 16 5 0.136 23 257.14
2022 1 17 5 0.132 23 264.62
2022 1 18 5 0.128 23 263.91
2022 1 19 5 0.125 24 257.58
2022 1 20 5 0.138 25 270.95
2022 1 21 5 0.161 29 268.66
2022 1 22 5 0.168 30 257.21
2022 1 23 5 0.164 30 255.72
2022 1 24 5 0.161 30 255.66
2022 1 25 5 0.154 30 254.56
2022 1 26 5 0.148 30 257.98
2022 1 27 5 0.141 30 258.82
2022 1 28 5 0.134 30 271.98
2022 1 29 5 0.117 28 267.04
2022 1 30 5 0.102 25 263.07
2022 1 31 5 0.084 22 268.17
2022 2 1 5 0.253 38 268.97
2022 2 2 5 0.218 40 273.15
2022 2 3 5 0.164 34 260.95
2022 2 4 5 0.137 30 263.34
2022 2 5 5 0.116 28 273.15
2022 2 6 5 0.112 26 258.03
2022 2 7 5 0.079 19 273.15
2022 2 8 5 0.076 18 255.43
2022 2 9 5 0.066 16 259.77
2022 2 10 5 0.053 14 260.27
2022 2 11 5 0.037 11 273.15
2022 2 12 5 0.054 11 256.6
2022 2 13 5 0.041 9 260.81
2022 2 14 5 0.027 6 263.69
2022 2 15 5 0.004 1 272.19
2022 2 16 5 0 0 272.61
2022 2 17 5 0 0 277.52
2022 2 18 5 0 0 272.3
2022 2 19 5 0 0 274.55
2022 2 20 5 0 0 272.43
2022 2 21 5 0 0 275.33
2022 2 22 5 0.015 2 272.24
2022 2 23 5 0 0 274.71
2022 2 24 5 0 0 269.23
2022 2 25 5 0.046 5 272.15
2022 2 26 5 0.037 3 270.77
2022 2 27 5 0 0 264.48
2022 2 28 5 0 0 263.34
2022 3 1 5 0 0 265.1
2022 3 2 5 0 0 264.34
2022 3 3 5 0 0 271.02
2022 3 4 5 0 0 271.09
2022 3 5 5 0 0 265.66
2022 3 6 5 0 0 264.97
2022 3 7 5 0 0 265.21
2022 3 8 5 0 0 263.84
2022 3 9 5 0 0 265.25
2022 3 10 5 0 0 266.94
2022 3 11 5 0 0 268.79
2022 3 12 5 0 0 273.14
2022 3 13 5 0 0 272.27
2022 3 14 5 0 0 273.82
2022 3 15 5 0 0 277.29
2022 3 16 5 0 0 272.49
2022 3 17 5 0 0 271.8
2022 3 18 5 0 0 278.36
2022 3 19 5 0 0 270.77
2022 3 20 5 0 0 274.76
2022 3 21 5 0 0 269.27
2022 3 22 5 0 0 268.41
2022 3 23 5 0 0 268.65
2022 3 24 5 0 0 268.67
2022 3 25 5 0 0 269.02
2022 3 26 5 0 0 269.39
2022 3 27 5 0 0 269.87
2022 3 28 5 0 0 271.33
2022 3 29 5 0 0 274.3
2022 3 30 5 0 0 279.36
2022 3 31 5 0 0 278.36
2022 4 1 5 0.007 1 274.18
2022 4 2 5 0.134 12 269.67
2022 4 3 5 0.148 19 268.72
2022 4 4 5 0.12 20 268.24
2022 4 5 5 0.045 8 273.15
2022 4 6 5 0 0 271.13
2022 4 7 5 0 0 277.34
2022 4 8 5 0 0 278.33
2022 4 9 5 0.005 1 274.09
2022 4 10 5 0.004 0 270.85
2022 4 11 5 0 0 268.8
2022 4 12 5 0 0 274.42
2022 4 13 5 0 0 278.69
2022 4 14 5 0 0 276.14
2022 4 15 5 0 0 282.03
2022 4 16 5 0 0 278.59
2022 4 17 5 0 0 276.06
2022 4 18 5 0 0 270.92
2022 4 19 5 0 0 271.24
2022 4 20 5 0 0 272.67
2022 4 21 5 0 0 275.33
2022 4 22 5 0 0 276.65
2022 4 23 5 0 0 280.38
2022 4 24 5 0 0 278.31
2022 4 25 5 0 0 279.38
2022 4 26 5 0 0 279.08
2022 4 27 5 0 0 275.47
2022 4 28 5 0 0 273.93
2022 4 29 5 0 0 273.17
2022 4 30 5 0 0 281.54
2022 5 1 5 0 0 278.55
2022 5 2 5 0 0 274.42
2022 5 3 5 0 0 280.04
2022 5 4 5 0 0 281.55
2022 5 5 5 0 0 281.61
2022 5 6 5 0 0 281.06
2022 5 7 5 0 0 282.25
2022 5 8 5 0 0 282.34
2022 5 9 5 0 0 282.94
2022 5 10 5 0 0 279.66
2022 5 11 5 0 0 281.22
2022 5 12 5 0 0 285.54
2022 5 13 5 0 0 287.01
2022 5 14 5 0 0 287.04
2022 5 15 5 0 0 282
2022 5 16 5 0 0 287.28
2022 5 17 5 0 0 281.84
2022 5 18 5 0 0 285.57
2022 5 19 5 0 0 285.53
2022 5 20 5 0 0 284.76
2022 5 21 5 0 0 288.68
2022 5 22 5 0 0 286.53
2022 5 23 5 0 0 287.99
2022 5 24 5 0 0 286.96
2022 5 25 5 0 0 283.43
2022 5 26 5 0 0 284.99
2022 5 27 5 0 0 282.04
2022 5 28 5 0 0 284.71
2022 5 29 5 0 0 281.94
2022 5 30 5 0 0 280.84
2022 5 31 5 0 0 281.31
2022 6 1 5 0 0 283.71
2022 6 2 5 0 0 284.26
2022 6 3 5 0 0 286.45
2022 6 4 5 0 0 286.41
2022 6 5 5 0 0 288.7
2022 6 6 5 0 0 284.69
2022 6 7 5 0 0 286.94
2022 6 8 5 0 0 281.2
2022 6 9 5 0 0 283.46
2022 6 10 5 0 0 278.88
2022 6 11 5 0 0 283.68
2022 6 12 5 0 0 282.73
2022 6 13 5 0 0 289.42
2022 6 14 5 0 0 282.51
2022 6 15 5 0 0 286.65
2022 6 16 5 0 0 288.6
2022 6 17 5 0 0 286.63
2022 6 18 5 0 0 285.79
2022 6 19 5 0 0 289.56
2022 6 20 5 0 0 289.37
2022 6 21 5 0 0 289.16
2022 6 22 5 0 0 290.37
2022 6 23 5 0 0 287.85
2022 6 24 5 0 0 288.12
2022 6 25 5 0 0 282.02
2022 6 26 5 0 0 288.01
2022 6 27 5 0 0 290.51
2022 6 28 5 0 0 286.59
2022 6 29 5 0 0 286.72
2022 6 30 5 0 0 288.12
2022 7 1 5 0 0 286
2022 7 2 5 0 0 280.18
2022 7 3 5 0 0 287.6
2022 7 4 5 0 0 289.22
2022 7 5 5 0 0 288.5
2022 7 6 5 0 0 285.02
2022 7 7 5 0 0 285.35
2022 7 8 5 0 0 286.73
2022 7 9 5 0 0 281.95
2022 7 10 5 0 0 284.96
2022 7 11 5 0 0 282.98
2022 7 12 5 0 0 285.52
2022 7 13 5 0 0 282.83
2022 7 14 5 0 0 290.64
2022 7 15 5 0 0 287.7
2022 7 16 5 0 0 285.08
2022 7 17 5 0 0 284.3
2022 7 18 5 0 0 284.25
2022 7 19 5 0 0 284.89
2022 7 20 5 0 0 292.16
2022 7 21 5 0 0 291.05
2022 7 22 5 0 0 288.08
2022 7 23 5 0 0 291.18
2022 7 24 5 0 0 287.55
2022 7 25 5 0 0 288.86
2022 7 26 5 0 0 290.29
2022 7 27 5 0 0 287.67
2022 7 28 5 0 0 283.63
2022 7 29 5 0 0 288.21
2022 7 30 5 0 0 286.71
2022 7 31 5 0 0 284.68
2022 8 1 5 0 0 286.76
