2021 9 2 5 0 0 285.63
2021 9 3 5 0 0 288.92
2021 9 4 5 0 0 288.2
2021 9 5 5 0 0 288.07
2021 9 6 5 0 0 289.45
2021 9 7 5 0 0 288.93
2021 9 8 5 0 0 289.58
2021 9 9 5 0 0 288.06
2021 9 10 5 0 0 288.51
2021 9 11 5 0 0 288.26
2021 9 12 5 0 0 287.06
2021 9 13 5 0 0 286.17
2021 9 14 5 0 0 288.59
2021 9 15 5 0 0 289.22
2021 9 16 5 0 0 289.53
2021 9 17 5 0 0 287.75
2021 9 18 5 0 0 287.82
2021 9 19 5 0 0 289.11
2021 9 20 5 0 0 282.17
2021 9 21 5 0 0 283
2021 9 22 5 0 0 279.23
2021 9 23 5 0 0 286.1
2021 9 24 5 0 0 281.21
2021 9 25 5 0 0 283.83
2021 9 26 5 0 0 289.41
2021 9 27 5 0 0 283.49
2021 9 28 5 0 0 282.89
2021 9 29 5 0 0 288.23
2021 9 30 5 0 0 282.08
2021 10 1 5 0 0 287.07
2021 10 2 5 0 0 286.31
2021 10 3 5 0 0 287.63
2021 10 4 5 0 0 288.48
2021 10 5 5 0 0 286.82
2021 10 6 5 0 0 285.42
2021 10 7 5 0 0 276.85
2021 10 8 5 0 0 280.91
2021 10 9 5 0 0 285.3
2021 10 10 5 0 0 283.83
2021 10 11 5 0 0 273.6
2021 10 12 5 0 0 276.79
2021 10 13 5 0 0 277.28
2021 10 14 5 0 0 273.37
2021 10 15 5 0 0 273.36
2021 10 16 5 0 0 275.2
2021 10 17 5 0 0 276.05
2021 10 18 5 0 0 276.4
2021 10 19 5 0 0 278.46
2021 10 20 5 0 0 277.16
2021 10 21 5 0 0 284.76
2021 10 22 5 0 0 277.11
2021 10 23 5 0 0 274.97
2021 10 24 5 0 0 277.83
2021 10 25 5 0 0 275.57
2021 10 26 5 0 0 273.8
2021 10 27 5 0 0 272.56
2021 10 28 5 0 0 274.17
2021 10 29 5 0 0 273.93
2021 10 30 5 0 0 281.22
2021 10 31 5 0 0 281.3
2021 11 1 5 0 0 282.2
2021 11 2 5 0 0 274
2021 11 3 5 0 0 280.1
2021 11 4 5 0 0 278.42
2021 11 5 5 0 0 272.04
2021 11 6 5 0 0 270.59
2021 11 7 5 0 0 268.84
2021 11 8 5 0 0 270.05
2021 11 9 5 0 0 271.17
2021 11 10 5 0 0 278.99
2021 11 11 5 0 0 281.29
2021 11 12 5 0 0 277.09
2021 11 13 5 0 0 277.46
2021 11 14 5 0 0 281.34
2021 11 15 5 0 0 279.46
2021 11 16 5 0 0 277.2
2021 11 17 5 0 0 281.05
2021 11 18 5 0 0 278.56
2021 11 19 5 0 0 273.15
2021 11 20 5 0 0 276.2
2021 11 21 5 0 0 277.31
2021 11 22 5 0 0 280.09
2021 11 23 5 0 0 280.85
2021 11 24 5 0 0 274.65
2021 11 25 5 0 0 277.93
2021 11 26 5 0 0 278.36
2021 11 27 5 0 0 276.17
2021 11 28 5 0 0 274.77
2021 11 29 5 0 0 270.48
2021 11 30 5 0 0 267.77
2021 12 1 5 0 0 268.3
2021 12 2 5 0 0 274.02
2021 12 3 5 0 0 272.41
2021 12 4 5 0 0 271.34
2021 12 5 5 0 0 271.3
2021 12 6 5 0 0 270.15
2021 12 7 5 0 0 269.21
2021 12 8 5 0 0 272.45
2021 12 9 5 0.109 11 270.49
2021 12 10 5 0.076 10 264.18
2021 12 11 5 0.06 9 265.36
2021 12 12 5 0.032 5 265.46
2021 12 13 5 0.019 3 273.15
2021 12 14 5 0 0 275.41
2021 12 15 5 0 0 271.7
2021 12 16 5 0 0 270.27
2021 12 17 5 0 0 268.97
2021 12 18 5 0 0 272.3
2021 12 19 5 0 0 267.74
2021 12 20 5 0 0 270.54
2021 12 21 5 0 0 274
2021 12 22 5 0 0 268.47
2021 12 23 5 0 0 268.83
2021 12 24 5 0 0 267.84
2021 12 25 5 0 0 270.95
2021 12 26 5 0 0 271.45
2021 12 27 5 0 0 273.71
2021 12 28 5 0 0 276.21
2021 12 29 5 0 0 270.21
2021 12 30 5 0 0 271.74
2021 12 31 5 0 0 276.61
2022 1 1 5 0 0 271.44
2022 1 2 5 0 0 270.34
2022 1 3 5 0 0 269.25
2022 1 4 5 0 0 274.07
2022 1 5 5 0 0 276.51
2022 1 6 5 0 0 270.14
2022 1 7 5 0 0 266.96
2022 1 8 5 0 0 267.77
2022 1 9 5 0 0 270.61
2022 1 10 5 0 0 269.47
2022 1 11 5 0 0 268.07
2022 1 12 5 0 0 265.86
2022 1 13 5 0 0 264.71
2022 1 14 5 0 0 266.95
2022 1 15 5 0 0 268.43
2022 1 16 5 0 0 268.41
2022 1 17 5 0 0 269.4
2022 1 18 5 0 0 269.95
2022 1 19 5 0 0 267.5
2022 1 20 5 0 0 270.07
2022 1 21 5 0 0 274.4
2022 1 22 5 0 0 268.97
2022 1 23 5 0 0 268.97
2022 1 24 5 0 0 265.75
2022 1 25 5 0 0 271.33
2022 1 26 5 0 0 269.56
2022 1 27 5 0 0 268.74
2022 1 28 5 0 0 269.03
2022 1 29 5 0 0 268.71
2022 1 30 5 0 0 268.54
2022 1 31 5 0 0 268.38
2022 2 1 5 0 0 268.29
2022 2 2 5 0 0 270.17
2022 2 3 5 0 0 271.44
2022 2 4 5 0 0 269.39
2022 2 5 5 0 0 269.88
2022 2 6 5 0 0 268.63
2022 2 7 5 0 0 272.18
2022 2 8 5 0 0 268.45
2022 2 9 5 0 0 267.82
2022 2 10 5 0 0 267.7
2022 2 11 5 0 0 273.55
2022 2 12 5 0 0 266.82
2022 2 13 5 0 0 268.51
2022 2 14 5 0 0 267.58
2022 2 15 5 0.133 13 273.09
2022 2 16 5 0.057 8 263.39
2022 2 17 5 0.014 2 266.96
2022 2 18 5 0 0 270.99
2022 2 19 5 0 0 277.18
2022 2 20 5 0 0 269.65
2022 2 21 5 0 0 274.07
2022 2 22 5 0 0 271.24
2022 2 23 5 0 0 271.84
2022 2 24 5 0 0 271.56
2022 2 25 5 0 0 273.74
2022 2 26 5 0 0 267.86
2022 2 27 5 0 0 267.35
2022 2 28 5 0 0 267.71
2022 3 1 5 0 0 272.82
2022 3 2 5 0 0 266.88
2022 3 3 5 0 0 271.28
2022 3 4 5 0 0 268.71
2022 3 5 5 0 0 273.83
2022 3 6 5 0 0 274.34
2022 3 7 5 0 0 267.45
2022 3 8 5 0 0 272
2022 3 9 5 0 0 266.96
2022 3 10 5 0 0 267.12
2022 3 11 5 0 0 269.32
2022 3 12 5 0 0 275.62
2022 3 13 5 0 0 272.65
2022 3 14 5 0 0 276.27
2022 3 15 5 0 0 278.46
2022 3 16 5 0 0 272.11
2022 3 17 5 0 0 278.83
2022 3 18 5 0 0 280.14
2022 3 19 5 0 0 279.08
2022 3 20 5 0 0 274.12
2022 3 21 5 0 0 270.91
2022 3 22 5 0 0 269.31
2022 3 23 5 0 0 270.12
2022 3 24 5 0 0 271.01
2022 3 25 5 0 0 271.98
2022 3 26 5 0 0 272.01
2022 3 27 5 0 0 272.93
2022 3 28 5 0 0 273.22
2022 3 29 5 0 0 275.12
2022 3 30 5 0 0 279.66
2022 3 31 5 0 0 280.35
2022 4 1 5 0 0 279.78
2022 4 2 5 0 0 276.71
2022 4 3 5 0 0 271.7
2022 4 4 5 0 0 276.93
2022 4 5 5 0 0 273.02
2022 4 6 5 0 0 274.25
2022 4 7 5 0 0 278.84
2022 4 8 5 0 0 276.88
2022 4 9 5 0 0 280.61
2022 4 10 5 0 0 270.7
2022 4 11 5 0 0 272.96
2022 4 12 5 0 0 274.33
2022 4 13 5 0 0 278.79
2022 4 14 5 0 0 279.77
2022 4 15 5 0 0 277.82
2022 4 16 5 0 0 278.83
2022 4 17 5 0 0 277.34
2022 4 18 5 0 0 276.06
2022 4 19 5 0 0 274.63
2022 4 20 5 0 0 280.91
2022 4 21 5 0 0 282.02
2022 4 22 5 0 0 279.7
2022 4 23 5 0 0 283.89
2022 4 24 5 0 0 280.8
2022 4 25 5 0 0 278.21
2022 4 26 5 0 0 283.29
2022 4 27 5 0 0 274.86
2022 4 28 5 0 0 282.46
2022 4 29 5 0 0 283.25
2022 4 30 5 0 0 284.66
2022 5 1 5 0 0 279.89
2022 5 2 5 0 0 279.69
2022 5 3 5 0 0 283.72
2022 5 4 5 0 0 284.18
2022 5 5 5 0 0 284.33
2022 5 6 5 0 0 284.23
2022 5 7 5 0 0 285.52
2022 5 8 5 0 0 286.68
2022 5 9 5 0 0 285.62
2022 5 10 5 0 0 284.23
2022 5 11 5 0 0 286.09
2022 5 12 5 0 0 286.45
2022 5 13 5 0 0 289.53
2022 5 14 5 0 0 289.44
2022 5 15 5 0 0 289.64
2022 5 16 5 0 0 290.22
2022 5 17 5 0 0 284.33
2022 5 18 5 0 0 286.78
2022 5 19 5 0 0 291.16
2022 5 20 5 0 0 287.92
2022 5 21 5 0 0 290.06
2022 5 22 5 0 0 288.17
2022 5 23 5 0 0 291.29
2022 5 24 5 0 0 290.37
2022 5 25 5 0 0 288.08
2022 5 26 5 0 0 287.6
2022 5 27 5 0 0 288.83
2022 5 28 5 0 0 287.8
2022 5 29 5 0 0 287.28
2022 5 30 5 0 0 286.59
2022 5 31 5 0 0 286.4
2022 6 1 5 0 0 286.12
2022 6 2 5 0 0 288.58
2022 6 3 5 0 0 289.9
2022 6 4 5 0 0 288.48
2022 6 5 5 0 0 291.4
2022 6 6 5 0 0 286.33
2022 6 7 5 0 0 290.7
2022 6 8 5 0 0 285.24
2022 6 9 5 0 0 286.51
2022 6 10 5 0 0 283.95
2022 6 11 5 0 0 285.65
2022 6 12 5 0 0 286.3
2022 6 13 5 0 0 290.27
2022 6 14 5 0 0 290.04
2022 6 15 5 0 0 292.56
2022 6 16 5 0 0 290.09
2022 6 17 5 0 0 288.72
2022 6 18 5 0 0 289.9
2022 6 19 5 0 0 291.9
2022 6 20 5 0 0 294.33
2022 6 21 5 0 0 293.33
2022 6 22 5 0 0 292.6
2022 6 23 5 0 0 289.89
2022 6 24 5 0 0 292.04
2022 6 25 5 0 0 285.2
2022 6 26 5 0 0 289.73
2022 6 27 5 0 0 293.5
2022 6 28 5 0 0 292.93
2022 6 29 5 0 0 291.09
2022 6 30 5 0 0 292.35
2022 7 1 5 0 0 290.39
2022 7 2 5 0 0 289.24
2022 7 3 5 0 0 291.03
2022 7 4 5 0 0 291.71
2022 7 5 5 0 0 289.87
2022 7 6 5 0 0 291.95
2022 7 7 5 0 0 291.09
2022 7 8 5 0 0 286.36
2022 7 9 5 0 0 285.31
2022 7 10 5 0 0 286.79
2022 7 11 5 0 0 287.88
2022 7 12 5 0 0 292.13
2022 7 13 5 0 0 289.62
2022 7 14 5 0 0 293.44
2022 7 15 5 0 0 291.65
2022 7 16 5 0 0 292.58
2022 7 17 5 0 0 292.43
2022 7 18 5 0 0 295.43
2022 7 19 5 0 0 295.3
2022 7 20 5 0 0 294.89
2022 7 21 5 0 0 295.4
2022 7 22 5 0 0 293.21
2022 7 23 5 0 0 292.85
2022 7 24 5 0 0 293.44
2022 7 25 5 0 0 295.54
2022 7 26 5 0 0 293.56
2022 7 27 5 0 0 292.76
2022 7 28 5 0 0 293.24
2022 7 29 5 0 0 289.8
2022 7 30 5 0 0 286.45
2022 7 31 5 0 0 286.8
2022 8 1 5 0 0 291.05
