2022 3 4 18 0 0.2 152.4 0 0 261.42 61.14 3.68 73238 1.46
2022 3 4 19 0 0 148.8 0 0 260.77 61.71 2.25 73246 1.46
2022 3 4 20 0 0 146.7 0 0 260.64 57.57 1.21 73256 1.46
2022 3 4 21 0 0 148.8 0 0 260.53 66.53 0.61 73250 1.46
2022 3 4 22 0 0 141.9 0 0 260.35 59.97 0.75 73241 0.67
2022 3 4 23 0 0 139.2 0 0 260.4 42.18 0.76 73206 0.01
2022 3 5 0 0 0 131.9 0 0 260.14 26.14 1.04 73203 0
2022 3 5 1 0 0 121.9 0 0 260.36 16.51 1.57 73178 0
2022 3 5 2 0 0 122.7 0 0 260.29 16.81 1.02 73151 0
2022 3 5 3 0 0 121.4 0 0 260.36 17.48 1.16 73115 0
2022 3 5 4 0 0 122.5 0 0 260.13 25.88 1.19 73101 0
2022 3 5 5 0 0 126.2 0 0 260.91 19.31 0.49 73119 0
2022 3 5 6 0 0 125.2 0 0 260.73 18.22 0.45 73114 0
2022 3 5 7 0 36.1 125.2 0 0 260.95 17.29 1.01 73123 0
2022 3 5 8 181.9 93.63 128.8 0 0 261.27 21.94 1.46 73157 0
2022 3 5 9 335.9 133.75 131.8 0 0 261.42 25.99 2.06 73179 0
2022 3 5 10 455.4 160.75 132.4 0 0 261.93 25 2.2 73169 0
2022 3 5 11 522.4 176.8 132.7 0 0 262.19 28.47 2.49 73177 0
2022 3 5 12 529.2 182.57 134.3 0 0 262.49 25.09 2.97 73167 0
2022 3 5 13 477.8 178.76 134.5 0 0 262.29 31.01 4.42 73144 0
2022 3 5 14 375.1 164.76 135 0 0 262.28 37.34 3.94 73131 0
2022 3 5 15 237.1 138.54 139.1 0 0 261.71 43.02 3.86 73114 0
2022 3 5 16 94.8 99.11 142.7 0 0 261.25 51.38 3.59 73128 0
2022 3 5 17 0 42.85 143.3 0 0 261.5 55.29 3.46 73145 0
2022 3 5 18 0 0.39 141.6 0 0 260.8 56.09 3.59 73152 0
2022 3 5 19 0 0 142.4 0 0 260.15 73.75 2.92 73167 0
2022 3 5 20 0 0 140 0 0 260.05 67.6 2.37 73155 0
2022 3 5 21 0 0 136.5 0 0 259.77 68.66 2.32 73172 0
2022 3 5 22 0 0 135.7 0 0 259.95 55.06 0.98 73160 0
2022 3 5 23 0 0 134.7 0 0 259.49 58.37 0.78 73114 0
2022 3 6 0 0 0 136.7 0 0 259.82 58.13 0.4 73110 0
2022 3 6 1 0 0 137.2 0 0 259.63 61.76 0.42 73088 0
2022 3 6 2 0 0 138.1 0 0 259.91 52.74 0.57 73064 0
2022 3 6 3 0 0 136 0 0 259.39 37.38 0.72 73047 0
2022 3 6 4 0 0 136.9 0 0 259.25 40.1 1.09 73046 0
2022 3 6 5 0 0 134.7 0 0 259.83 35.64 0.67 73034 0
2022 3 6 6 0 0.1 135.7 0 0 259.19 45.4 1.26 73068 0
2022 3 6 7 0 37.77 137.5 0 0 259.88 47.67 0.72 73074 0
2022 3 6 8 182.3 94.42 138.7 0 0 260.3 43.55 1.9 73101 0
2022 3 6 9 326.6 138.15 144.8 0 0 260.86 37.67 2.72 73122 0
2022 3 6 10 429.3 174.84 150.9 0 0 261.29 33.76 2.36 73130 0
2022 3 6 11 497.8 189.91 150.9 0 0 261.38 37.48 3.24 73159 0
2022 3 6 12 476.9 214.86 162 0 0 261.39 40.76 3.04 73150 0
2022 3 6 13 463 183.65 151.4 0 0 261.22 47.07 3.53 73134 0
2022 3 6 14 364.6 166.43 152.2 0 0 260.83 66.18 3.14 73127 0
2022 3 6 15 228.9 141.58 154.5 0 0 260.88 73 3.89 73133 0
2022 3 6 16 87.5 105.86 159.9 0 0 260.78 67.29 4.49 73156 0
2022 3 6 17 0 45.79 159.4 0 0 261.28 75.22 3.36 73179 0
2022 3 6 18 0 0.59 169.7 0 0 260.47 94.43 3.27 73189 0
2022 3 6 19 0 0 187.3 0 0 260.11 99.55 3.24 73199 0
2022 3 6 20 0 0 239.2 0.01 0 259.93 99.46 2.15 73199 0.01
2022 3 6 21 0 0 187.3 0 0 260.07 87.56 0.59 73205 0.01
2022 3 6 22 0 0 163.6 0 0 260 86 0.39 73201 0.01
2022 3 6 23 0 0 155 0 0 260.85 63.12 0.92 73204 0.01
2022 3 7 0 0 0 152.7 0 0 260.81 62.45 0.27 73205 0.01
2022 3 7 1 0 0 150.2 0 0 261.66 46.05 0.26 73197 0.01
2022 3 7 2 0 0 149.9 0 0 261.4 45.16 0.35 73181 0.01
2022 3 7 3 0 0 146.6 0 0 262.16 38.43 0.34 73148 0.01
2022 3 7 4 0 0 143.6 0 0 262.16 31.34 0.26 73141 0.01
2022 3 7 5 0 0 141.2 0 0 262.48 24.6 0.51 73149 0.01
2022 3 7 6 0 0.2 140.7 0 0 262.52 22.13 0.73 73174 0.01
2022 3 7 7 0 39.92 141.9 0 0 262.79 19.21 1.35 73206 0.01
2022 3 7 8 188.8 95.88 142.3 0 0 264.06 18.96 1.34 73260 0.01
2022 3 7 9 343.4 135.02 142.9 0 0 263.99 19.98 2.15 73306 0.01
2022 3 7 10 462.9 161.24 141.9 0 0 263.98 20.13 2.6 73356 0.01
2022 3 7 11 532.3 177.19 137.8 0 0 264.13 16.31 2.01 73376 0.01
2022 3 7 12 544.3 183.75 129.3 0 0 264.71 13.21 2.34 73383 0.01
2022 3 7 13 492.6 180.13 128.9 0 0 265.05 12.83 1.81 73356 0.01
2022 3 7 14 387.7 166.04 131.9 0 0 264.78 15.36 3.08 73372 0.01
2022 3 7 15 247.9 140.7 135 0 0 265.13 14.13 2.69 73385 0.01
2022 3 7 16 103.1 102.24 134.5 0 0 265.24 14.24 1.93 73416 0.01
2022 3 7 17 0 46.08 142.3 0 0 264.78 13.69 2.02 73441 0.01
2022 3 7 18 0 0.88 144.9 0 0 264.89 10.53 1.08 73473 0.01
2022 3 7 19 0 0 142.4 0 0 265.2 10 0.46 73468 0.01
2022 3 7 20 0 0 144.8 0 0 264.19 18.56 1.73 73499 0
2022 3 7 21 0 0 146.3 0 0 264.38 18.92 1.57 73523 0
2022 3 7 22 0 0 148.5 0 0 264.56 14.8 1.77 73516 0
2022 3 7 23 0 0 151.4 0 0 265.19 18.73 1.07 73489 0
2022 3 8 0 0 0 152.4 0 0 264.94 19.64 1.61 73503 0
2022 3 8 1 0 0 151.5 0 0 265.35 21.51 1.43 73487 0
2022 3 8 2 0 0 151.2 0 0 265.86 20.35 1.07 73462 0
2022 3 8 3 0 0 148.9 0 0 266.1 20.36 1.18 73457 0
2022 3 8 4 0 0 147.5 0 0 265.67 21.08 1.88 73443 0
2022 3 8 5 0 0 147.1 0 0 265.85 19.27 0.86 73434 0
2022 3 8 6 0 0.39 147.2 0 0 266.05 17.21 0.7 73434 0
2022 3 8 7 0 43.64 150.7 0 0 266.35 12.15 1.43 73444 0
2022 3 8 8 180.5 103.22 154.8 0 0 267.02 11.12 1.05 73488 0
2022 3 8 9 302 161.14 164.9 0 0 266.64 11.46 1.88 73505 0
2022 3 8 10 351.3 232.57 180.7 0 0 266.85 10.58 2.05 73527 0
2022 3 8 11 394.5 267.89 186.5 0 0 266.78 10 2.05 73549 0
2022 3 8 12 468.4 232.18 168.8 0 0 266.81 10.06 2.57 73569 0
2022 3 8 13 481.8 182.77 148.3 0 0 267.43 12.49 2.46 73574 0
2022 3 8 14 388.1 164.28 144.8 0 0 268.24 10.61 1.33 73612 0
2022 3 8 15 251.7 140.21 139.2 0 0 268.55 10 2.42 73640 0
2022 3 8 16 107.1 102.93 136 0 0 268.37 10 1.11 73664 0
2022 3 8 17 0 47.84 134.6 0 0 267.09 10 1.92 73703 0
2022 3 8 18 0 1.17 138 0 0 266.56 14.58 1.69 73742 0
2022 3 8 19 0 0 140.1 0 0 266.02 17.54 1.96 73767 0
2022 3 8 20 0 0 145.3 0 0 266.57 15.94 1.84 73800 0
2022 3 8 21 0 0 149 0 0 266.69 16.32 1.96 73814 0
2022 3 8 22 0 0 151 0 0 266.47 14.1 2.09 73857 0
2022 3 8 23 0 0 150.1 0 0 266.6 19.84 2.43 73844 0
2022 3 9 0 0 0 152.6 0 0 266.34 19.09 2.27 73869 0
2022 3 9 1 0 0 154.4 0 0 266.08 15.98 2.21 73877 0
2022 3 9 2 0 0 154.2 0 0 266.53 13.38 1.82 73879 0
2022 3 9 3 0 0 154.8 0 0 266.75 15.94 1.78 73873 0
2022 3 9 4 0 0 156.6 0 0 266.77 17.01 1.56 73881 0
2022 3 9 5 0 0 158.1 0 0 266.21 18.66 2.63 73886 0
2022 3 9 6 0 0.68 159.7 0 0 266.26 17.33 2.78 73907 0
2022 3 9 7 63.3 43.34 160.5 0 0 266.26 23.81 2.44 73960 0
2022 3 9 8 195.3 97.84 161.8 0 0 266.81 26.07 2.61 74014 0
2022 3 9 9 349 135.8 161.6 0 0 268.38 21.27 1.01 74050 0
2022 3 9 10 463.1 162.51 164.8 0 0 269.48 16.92 0.22 74073 0
2022 3 9 11 528.4 177.78 164.6 0 0 270.17 16.29 1.17 74084 0
2022 3 9 12 537.5 186.78 163.5 0 0 270.87 15.66 1.37 74091 0
2022 3 9 13 487.9 181.4 163.7 0 0 270.34 11.3 2.33 74068 0
2022 3 9 14 387.6 167.31 159.9 0 0 269.08 13.9 1.91 74074 0
2022 3 9 15 249.7 142.65 159.2 0 0 269.78 14.23 2.5 74077 0
2022 3 9 16 104.7 104.69 163.1 0 0 270.14 17.25 2.37 74089 0
2022 3 9 17 0 49.51 165.9 0 0 269.59 22.86 2.75 74106 0
2022 3 9 18 0 1.57 166.2 0 0 268.67 31.28 3.03 74142 0
2022 3 9 19 0 0 166.8 0 0 268.32 31.79 2.91 74167 0
2022 3 9 20 0 0 167.4 0 0 267.98 29.64 2.43 74193 0
2022 3 9 21 0 0 165.9 0 0 267.77 32.83 2.02 74195 0
2022 3 9 22 0 0 160.6 0 0 268.09 27.49 2.49 74214 0
2022 3 9 23 0 0 155.1 0 0 267.73 25.21 2.61 74207 0
2022 3 10 0 0 0 151.4 0 0 267.65 21.69 1.79 74210 0
2022 3 10 1 0 0 147.5 0 0 268.01 19.4 1.08 74212 0
2022 3 10 2 0 0 152.6 0 0 269.53 10 0.37 74198 0
2022 3 10 3 0 0 153.9 0 0 268.98 10 1.04 74192 0
2022 3 10 4 0 0 157 0 0 268.78 10 1.89 74199 0
2022 3 10 5 0 0 154.6 0 0 268.97 10.55 2.02 74206 0
2022 3 10 6 0 1.08 154.2 0 0 269.09 10 1.54 74228 0
2022 3 10 7 66.2 46.18 152.2 0 0 269.93 10 0.7 74239 0
2022 3 10 8 206.5 100.97 154.1 0 0 270.07 10 0.33 74257 0
2022 3 10 9 362.1 139.42 155.8 0 0 270.62 10 0.78 74232 0
2022 3 10 10 478.8 164.76 158.1 0 0 270.32 10 1.37 74260 0
2022 3 10 11 543.8 179.83 157.8 0 0 271.39 10 0.69 74253 0
2022 3 10 12 548.6 188.05 158.3 0 0 271.71 10 0.71 74222 0
2022 3 10 13 491.2 187.07 160.3 0 0 272.71 10 1.55 74196 0
2022 3 10 14 391 174.84 151.9 0 0 273.01 10 1.58 74180 0
2022 3 10 15 254.1 148.52 150.4 0 0 272.32 10 2.18 74145 0
2022 3 10 16 108.8 108.31 154.4 0 0 272.02 10 1.4 74172 0
2022 3 10 17 0 52.25 147.8 0 0 270.96 10 1.91 74149 0
2022 3 10 18 0 1.96 152 0 0 270.36 10 2.22 74140 0
2022 3 10 19 0 0 150.1 0 0 269.95 20.52 2.62 74116 0
2022 3 10 20 0 0 160.2 0 0 269.62 30.58 2.51 74108 0
2022 3 10 21 0 0 165.3 0 0 268.99 33.69 3.99 74098 0
2022 3 10 22 0 0 164.1 0 0 268.79 33.38 3.68 74086 0
2022 3 10 23 0 0 165.2 0 0 267.73 45.23 3.16 74066 0
2022 3 11 0 0 0 169.4 0 0 268.02 40.85 3.56 74046 0
2022 3 11 1 0 0 168.1 0 0 267.32 45.78 3.55 74039 0
2022 3 11 2 0 0 165.9 0 0 267.57 43.37 3.07 74013 0
2022 3 11 3 0 0 164.5 0 0 267.15 42.4 3.63 73984 0
2022 3 11 4 0 0 159 0 0 266.25 49.24 4.04 73951 0
2022 3 11 5 0 0 152.1 0 0 266.52 42.86 3.31 73935 0
2022 3 11 6 0 1.47 152.1 0 0 265.64 47.98 3.96 73909 0
2022 3 11 7 67.4 48.63 151.2 0 0 265.98 42.3 3.65 73924 0
2022 3 11 8 210.3 102.93 155.1 0 0 266.28 42.63 4.07 73927 0
2022 3 11 9 366.6 140.79 156 0 0 267.32 39.93 4.2 73963 0
2022 3 11 10 480.3 165.65 162.2 0 0 267.42 43.47 3.24 73949 0
2022 3 11 11 543.3 180.91 163.3 0 0 267.12 44.11 3.49 73934 0
2022 3 11 12 546.4 188.15 165.2 0 0 267.78 37.18 3.63 73915 0
2022 3 11 13 491.9 185.12 166.4 0 0 267.87 45.24 4.52 73894 0
2022 3 11 14 383.4 176.21 168.2 0 0 268.42 41.5 3.23 73874 0
2022 3 11 15 221 172.59 177.9 0 0 267.9 51.11 3.9 73859 0
2022 3 11 16 70.6 143.14 191.4 0 0 267.93 55.39 3.84 73868 0
2022 3 11 17 0 69.57 208.4 0 0 267.68 49.59 5.45 73883 0
2022 3 11 18 0 2.25 220.5 0 0 267.17 54.97 5.74 73917 0
2022 3 11 19 0 0 193 0 0 266.56 63.26 4.91 73894 0
2022 3 11 20 0 0 205 0 0 266.29 66.42 4.29 73905 0
2022 3 11 21 0 0 209.2 0 0 265.74 72.6 4.79 73912 0
2022 3 11 22 0 0 187.4 0 0 265.72 71.78 5.17 73949 0
2022 3 11 23 0 0 187 0 0 265.28 79.57 4.81 73914 0
2022 3 12 0 0 0 202.3 0 0 265.11 78.51 3.88 73928 0
2022 3 12 1 0 0 202.6 0 0 265.24 78.54 3.65 73948 0
2022 3 12 2 0 0 210.2 0 0 265.69 75.54 2.6 73907 0
2022 3 12 3 0 0 208.5 0 0 265.74 73.98 3 73889 0
2022 3 12 4 0 0 206.3 0 0 266.51 64.88 1.71 73863 0
2022 3 12 5 0 0 223.7 0 0 265.86 71.55 2.76 73871 0
2022 3 12 6 0 2.05 226.2 0 0 265.76 73.73 3.05 73877 0
2022 3 12 7 41.5 56.94 196.8 0 0 265.64 73.52 2.85 73900 0
2022 3 12 8 187.1 110.56 184.2 0 0 265.86 73.46 2.87 73912 0
2022 3 12 9 314.9 162.22 190.9 0 0 266.73 68.26 2.96 73945 0
2022 3 12 10 372.8 225.82 205.9 0 0 266.65 70.23 3.17 73921 0
2022 3 12 11 378 282.66 219.6 0 0 267.18 70.92 2.89 73943 0
2022 3 12 12 451.9 248.91 207.8 0 0 267.48 72.19 3.04 73950 0
2022 3 12 13 370.7 269.36 216.7 0 0 267.85 71.65 2.59 73918 0
2022 3 12 14 306.7 228.07 208.8 0 0 268.5 65.77 2.99 73895 0
2022 3 12 15 170.2 207.62 217.8 0 0 268.15 63.38 2.41 73901 0
2022 3 12 16 60 151.26 220.1 0 0 267.57 63.18 3.45 73903 0
2022 3 12 17 0 67.9 219.2 0 0 267.53 58.17 3.54 73893 0
2022 3 12 18 0 2.84 203.3 0 0 266.77 59.88 3.86 73905 0
2022 3 12 19 0 0 183.4 0 0 266.57 57.99 4.1 73899 0
2022 3 12 20 0 0 173.7 0 0 266.16 59.1 3.97 73920 0
2022 3 12 21 0 0 174 0 0 266.37 53.66 3.92 73925 0
2022 3 12 22 0 0 176.8 0 0 265.97 56.5 4.77 73903 0
2022 3 12 23 0 0 176.8 0 0 265.65 58.73 5.05 73896 0
2022 3 13 0 0 0 174.2 0 0 265.87 52.25 5.12 73866 0
2022 3 13 1 0 0 175.2 0 0 266.04 56.27 5.26 73858 0
2022 3 13 2 0 0 176 0 0 265.86 55.18 5.25 73810 0
2022 3 13 3 0 0 185.9 0 0 264.98 56.11 4.02 73796 0
2022 3 13 4 0 0 187 0 0 265.29 51.07 5.47 73786 0
2022 3 13 5 0 0 188.4 0 0 265.42 48.27 4.77 73784 0
2022 3 13 6 0 2.54 173.3 0 0 265.47 50.82 4.46 73801 0
2022 3 13 7 65.7 52.05 174.6 0 0 265.39 49.09 3.62 73812 0
2022 3 13 8 192.7 114.96 178.1 0 0 266.42 40.49 3.44 73839 0
2022 3 13 9 221.5 220.93 210.2 0 0 267.6 40.55 5.22 73869 0
2022 3 13 10 340.9 251.45 211.2 0 0 268 41.77 2.77 73880 0
2022 3 13 11 384.7 285.79 215.4 0 0 268.72 39.48 4.74 73856 0
2022 3 13 12 491.2 232.86 192.2 0 0 269.13 31.09 6.29 73840 0
2022 3 13 13 471.4 204.19 183.7 0 0 268.62 44.66 4.24 73829 0
2022 3 13 14 383.1 174.74 184.3 0 0 269.21 54.95 4.56 73861 0
2022 3 13 15 240.1 155.96 189.8 0 0 269.2 53.89 4.99 73862 0
2022 3 13 16 74.5 141.97 218.7 0 0 269 65.55 4.5 73875 0
2022 3 13 17 0 71.72 228.5 0 0 269.22 67.98 5.44 73895 0
2022 3 13 18 0 3.33 232.1 0 0 269.1 73.07 3.11 73923 0
2022 3 13 19 0 0 230.5 0 0 268.56 74.27 3.45 73953 0
2022 3 13 20 0 0 210.5 0 0 268.14 75.34 4.53 73981 0
2022 3 13 21 0 0 266.6 0 0 267.8 79.07 3.17 74026 0
2022 3 13 22 0 0 273.5 0.01 0 267.37 85.15 5.2 74054 0.01
2022 3 13 23 0 0 272.9 0.01 0 267.4 83.06 5.03 74067 0.02
2022 3 14 0 0 0 258.3 0 0 267.53 83.77 4.9 74065 0.02
2022 3 14 1 0 0 238.7 0.01 0 267.36 86.97 5.22 74122 0.03
2022 3 14 2 0 0 254.5 0.03 0 267.22 92.68 4.4 74151 0.06
2022 3 14 3 0 0 269.1 0.01 0 267.54 86.77 4.81 74178 0.07
2022 3 14 4 0 0 276 0.2 0 266.94 90.13 3.38 74276 0.27
2022 3 14 5 0 0 244.5 0 0 267.1 87.72 2.69 74297 0.27
2022 3 14 6 0 3.23 195.8 0 0 266.98 84.24 2.96 74375 0.27
2022 3 14 7 71.4 54.01 176.6 0 0 266.7 85.76 3.29 74409 0.27
2022 3 14 8 220.5 106.84 174.6 0 0 267.17 77.15 3.96 74490 0.27
2022 3 14 9 375.9 145.1 171.3 0 0 268.42 70.63 3.69 74563 0.27
2022 3 14 10 491.8 169.27 173.5 0 0 269.39 57.37 2.79 74667 0.27
2022 3 14 11 554.8 183.75 175.4 0 0 269.73 66.86 2.97 74699 0.27
2022 3 14 12 557.6 190.3 177.4 0 0 270.19 57.37 2.98 74677 0.27
2022 3 14 13 506.3 187.37 175.9 0 0 270.53 57.25 3.87 74710 0.27
2022 3 14 14 400.9 174.65 176.7 0 0 271.28 52.83 4.02 74721 0.27
2022 3 14 15 261.8 149.21 179.4 0 0 271.95 45.78 2.21 74764 0.27
2022 3 14 16 117.2 110.85 179.5 0 0 272.17 35.34 2.78 74777 0.27
2022 3 14 17 0 61.54 184.8 0 0 271.5 39.04 3.09 74805 0.27
2022 3 14 18 0 4.11 194.9 0 0 270.58 41.59 2.78 74821 0.27
2022 3 14 19 0 0 212.4 0 0 271.08 34.98 3.01 74880 0.27
2022 3 14 20 0 0 231.3 0 0 270.05 48.31 3.05 74895 0.27
2022 3 14 21 0 0 224.3 0 0 270 46.84 3.59 74892 0.27
2022 3 14 22 0 0 243 0 0 269.44 59.57 3.74 74879 0.26
2022 3 14 23 0 0 249.2 0 0 269.82 66.7 3.91 74863 0.25
2022 3 15 0 0 0 262.4 0 0 269.47 78.5 3.7 74845 0.25
2022 3 15 1 0 0 269.7 0 0 269.66 84.2 4.53 74826 0.24
2022 3 15 2 0 0 278.9 0.01 0 269.64 88.87 5.25 74785 0.22
2022 3 15 3 0 0 281.6 0.09 0 269.58 92.14 4.14 74753 0.3
2022 3 15 4 0 0 283.1 0.1 0 269.77 93.23 5.27 74744 0.2
2022 3 15 5 0 0 283 0.49 0 269.88 92.73 7.37 74743 0.69
2022 3 15 6 0 2.84 279.8 0.5 0 269.75 92.34 5.99 74742 1.19
2022 3 15 7 0 52.74 281.8 0.01 0 269.77 90.63 6.47 74753 1.2
2022 3 15 8 0 98.43 290.8 0.01 0 269.69 92.41 6.7 74783 1.21
2022 3 15 9 7.7 180.81 290.2 0.04 0 270.02 93.31 5.97 74777 1.25
2022 3 15 10 165.1 334.52 266 0.01 0 270.25 90.67 4.18 74785 1.26
2022 3 15 11 47.7 341.56 288 0.17 0 270.96 83.56 7.56 74751 1.43
2022 3 15 12 36.4 410.74 289.9 0.1 0 270.41 91.33 6.55 74748 1.53
2022 3 15 13 11.2 364.65 293.2 0.24 0 271.1 91.17 5.64 74702 1.77
2022 3 15 14 43.7 344.99 281.8 0 0 271.67 86.9 5.68 74674 1.77
2022 3 15 15 10.1 268.28 289.9 0.01 0 272.01 87.88 5.02 74646 1.78
2022 3 15 16 2.5 162.91 284.9 0 0 272.01 82.75 4.75 74630 1.78
2022 3 15 17 0 74.46 261.8 0 0 271.84 81.83 5.14 74622 1.78
2022 3 15 18 0 3.82 266.8 0 0 271.62 84.3 4.31 74589 1.78
2022 3 15 19 0 0 298.7 0 0 271.91 84.66 3.89 74624 1.78
2022 3 15 20 0 0 284.2 0 0 271.7 85.64 3.39 74609 1.78
2022 3 15 21 0 0 241.4 0 0 271.77 84.09 3.69 74609 1.78
2022 3 15 22 0 0 282.4 0.06 0 271.96 84.74 3.43 74614 1.84
2022 3 15 23 0 0 303.6 0.69 0 271.74 88.11 2.96 74618 2.53
2022 3 16 0 0 0 305.1 0.26 0 271.95 90.19 4.01 74583 2.79
2022 3 16 1 0 0 287.8 0.02 0 271.68 87.07 2.93 74533 2.81
2022 3 16 2 0 0 207 0 0 272.14 81.59 2.98 74531 2.8
2022 3 16 3 0 0 205.9 0 0 272.03 81.34 2.6 74503 2.71
2022 3 16 4 0 0 209.1 0 0 272.79 75.69 3.49 74515 2.61
2022 3 16 5 0 0 211.4 0 0 272.84 75.99 2.93 74519 2.12
2022 3 16 6 0 4.89 208.5 0 0 272.67 81.47 3.67 74523 1.62
2022 3 16 7 74 56.94 203.7 0 0 272.64 81.84 4 74542 1.61
2022 3 16 8 222.5 107.14 203.9 0 0 273.39 76.77 2.81 74580 1.6
2022 3 16 9 371.7 143.04 204.7 0 0 274.09 67.91 1.65 74603 1.56
2022 3 16 10 485.2 167.6 204.7 0 0 274.32 60.05 2.02 74610 1.55
2022 3 16 11 549.8 182.87 201.9 0 0 274.62 51.63 1.73 74640 1.38
2022 3 16 12 550.1 194.31 202.6 0 0 275.51 44.33 1.07 74642 1.28
2022 3 16 13 502.6 186.29 200.8 0 0 275.83 39.25 1.86 74642 1.04
2022 3 16 14 400.6 171.91 201.1 0 0 276.11 32.05 2.42 74656 1.04
2022 3 16 15 263.6 147.94 202 0 0 277.06 32.07 2.86 74646 1.03
2022 3 16 16 119.9 110.95 202.7 0 0 276.6 38.39 2.04 74643 1.03
2022 3 16 17 0 58.51 203.1 0 0 277.1 40.88 1.53 74647 1.03
2022 3 16 18 0 4.89 204.4 0 0 277.18 41.89 1.23 74641 1.03
2022 3 16 19 0 0 203.4 0 0 276.59 44.45 2.25 74643 1.03
2022 3 16 20 0 0 203.2 0 0 275.86 46 1.16 74635 1.03
2022 3 16 21 0 0 202.1 0 0 275.84 44.65 1.53 74632 1.03
2022 3 16 22 0 0 202.2 0 0 275.98 45.38 1.61 74641 0.97
2022 3 16 23 0 0 203.6 0 0 276.44 46.43 1.3 74651 0.28
2022 3 17 0 0 0 204.4 0 0 276.09 48.72 1.59 74629 0.02
2022 3 17 1 0 0 206.4 0 0 276.02 46.75 1.45 74603 0
2022 3 17 2 0 0 208.2 0 0 276.09 44.26 1.85 74564 0
2022 3 17 3 0 0 211.5 0 0 275.42 42.96 2.16 74540 0
2022 3 17 4 0 0 204.8 0 0 275.33 41.76 2.06 74552 0
2022 3 17 5 0 0 205.8 0 0 275.13 43.28 2.16 74571 0
2022 3 17 6 0 6.07 210 0 0 274.92 48.62 2.1 74567 0
2022 3 17 7 44.3 71.82 223.6 0 0 274.91 48.87 2.14 74592 0
2022 3 17 8 178.6 132.09 220.1 0 0 274.7 47.05 2.31 74615 0
2022 3 17 9 335.6 166.62 214.6 0 0 274.43 53.39 2.6 74624 0
2022 3 17 10 487.7 168.78 204 0 0 274.43 49.92 2.2 74620 0
2022 3 17 11 545.9 185.21 204.8 0 0 275.01 43.82 2.03 74661 0
2022 3 17 12 453.2 267.3 225.8 0 0 275.46 41.35 2.05 74678 0
2022 3 17 13 386.6 275.13 232.2 0 0 276.32 38.55 1.47 74714 0
2022 3 17 14 350.3 213.68 220.6 0 0 275.27 41.8 2.39 74668 0
2022 3 17 15 209.2 194.21 227.5 0 0 274.51 47.66 3.29 74638 0
2022 3 17 16 99.9 132.38 218.2 0 0 274.33 52.42 2.91 74645 0
2022 3 17 17 0 70.35 219.4 0 0 273.83 57.4 3.31 74644 0
2022 3 17 18 0 5.87 248.6 0 0 273.38 67.05 3.52 74656 0
2022 3 17 19 0 0 252.9 0 0 272.59 79.12 4.11 74679 0
2022 3 17 20 0 0 257.8 0 0 272.02 89.31 4.3 74729 0
2022 3 17 21 0 0 267.3 0 0 272.09 85.33 3.28 74740 0
2022 3 17 22 0 0 264.7 0 0 272.36 80.6 2.25 74763 0
2022 3 17 23 0 0 251 0 0 271.87 84.59 1.52 74787 0
2022 3 18 0 0 0 260.1 0 0 271.08 97.29 1.6 74776 0
2022 3 18 1 0 0 260.5 0 0 271.04 97.23 2.3 74750 0
2022 3 18 2 0 0 287.9 0.07 0 270.81 99.76 1.62 74742 0.07
2022 3 18 3 0 0 302.1 0.05 0 270.86 99.79 0.93 74737 0.12
2022 3 18 4 0 0 303.4 0.22 0 270.88 99.88 1.29 74772 0.34
2022 3 18 5 0 0 299.7 0.94 0 270.7 98.59 1.47 74772 1.28
2022 3 18 6 0 5.58 293.2 0.15 0 270.83 96.93 1.74 74784 1.43
2022 3 18 7 0.1 67.12 295.2 0.04 0 270.9 97.48 2.2 74811 1.47
2022 3 18 8 0.2 151.16 301.6 0.19 0 271.04 97.76 2.73 74817 1.66
2022 3 18 9 47.9 259.57 292.1 0.08 0 271.07 94.55 2.55 74838 1.74
2022 3 18 10 82.4 383.73 283.8 0 0 271.52 90.1 2.44 74870 1.74
2022 3 18 11 117.1 443.51 281.3 0 0 271.71 81.72 2.06 74881 1.74
2022 3 18 12 305.1 370.82 259.8 0 0 271.46 84.29 2.18 74877 1.74
2022 3 18 13 387.4 274.84 235.3 0 0 271.92 82.47 3.24 74834 1.74