year month day hour Ds SWE Tsrf
2021 9 2 5 0 0 271.27
2021 9 3 5 0 0 276.69
2021 9 4 5 0 0 277.71
2021 9 5 5 0 0 271.61
2021 9 6 5 0 0 276.76
2021 9 7 5 0 0 272.03
2021 9 8 5 0 0 274.86
2021 9 9 5 0 0 273
2021 9 10 5 0 0 276.8
2021 9 11 5 0 0 277.45
2021 9 12 5 0 0 273.83
2021 9 13 5 0 0 273.55
2021 9 14 5 0 0 273.64
2021 9 15 5 0 0 278.13
2021 9 16 5 0 0 278.29
2021 9 17 5 0 0 276.63
2021 9 18 5 0 0 268.91
2021 9 19 5 0 0 275.11
2021 9 20 5 0.098 15 271.63
2021 9 21 5 0.048 8 260.8
2021 9 22 5 0 0 268.36
2021 9 23 5 0 0 267.15
2021 9 24 5 0 0 267.87
2021 9 25 5 0 0 268.9
2021 9 26 5 0 0 276.67
2021 9 27 5 0 0 271.75
2021 9 28 5 0 0 273.03
2021 9 29 5 0.021 3 273.15
2021 9 30 5 0.01 2 270.79
2021 10 1 5 0 0 269.31
2021 10 2 5 0 0 273.9
2021 10 3 5 0 0 274.71
2021 10 4 5 0 0 275.58
2021 10 5 5 0 0 273.61
2021 10 6 5 0.065 9 268.05
2021 10 7 5 0.13 19 268.25
2021 10 8 5 0.121 19 260.24
2021 10 9 5 0.091 16 253.51
2021 10 10 5 0.074 14 253.72
2021 10 11 5 0.073 14 253.07
2021 10 12 5 0.065 13 260.59
2021 10 13 5 0.156 25 267.06
2021 10 14 5 0.156 25 247.76
2021 10 15 5 0.152 25 248.35
2021 10 16 5 0.145 25 251.71
2021 10 17 5 0.128 25 250.23
2021 10 18 5 0.117 24 258.82
2021 10 19 5 0.106 24 267.81
2021 10 20 5 0.082 19 266.07
2021 10 21 5 0.047 12 273.15
2021 10 22 5 0.043 11 262.25
2021 10 23 5 0.042 10 254.42
2021 10 24 5 0.033 8 261.3
2021 10 25 5 0.021 6 265.85
2021 10 26 5 0.012 3 263.66
2021 10 27 5 0.016 4 258.85
2021 10 28 5 0.008 2 263.04
2021 10 29 5 0.003 1 265.43
2021 10 30 5 0 0 269.27
2021 10 31 5 0 0 270.43
2021 11 1 5 0 0 272.66
2021 11 2 5 0.196 27 265.6
2021 11 3 5 0.188 27 265.34
2021 11 4 5 0.392 53 262.74
2021 11 5 5 0.389 57 254.46
2021 11 6 5 0.365 57 236.07
2021 11 7 5 0.35 57 241.98
2021 11 8 5 0.339 57 251
2021 11 9 5 0.328 57 242.66
2021 11 10 5 0.32 57 267.02
2021 11 11 5 0.291 57 256.71
2021 11 12 5 0.272 57 256.94
2021 11 13 5 0.26 58 256.68
2021 11 14 5 0.528 94 267.57
2021 11 15 5 0.551 102 259.55
2021 11 16 5 0.525 102 257.27
2021 11 17 5 0.508 102 268.2
2021 11 18 5 0.494 103 250.91
2021 11 19 5 0.481 103 253.6
2021 11 20 5 0.472 103 253.35
2021 11 21 5 0.465 103 253.69
2021 11 22 5 0.467 104 266.52
2021 11 23 5 0.486 107 260.88
2021 11 24 5 0.479 107 249.12
2021 11 25 5 0.474 107 257.66
2021 11 26 5 0.487 109 266.59
2021 11 27 5 0.533 115 260.4
2021 11 28 5 0.69 128 257.73
2021 11 29 5 0.795 139 256.95
2021 11 30 5 0.96 157 257.07
2021 12 1 5 0.995 171 263.83
2021 12 2 5 0.941 174 263.95
2021 12 3 5 1.038 188 250.1
2021 12 4 5 1.007 192 265.94
2021 12 5 5 1.136 215 260.46
2021 12 6 5 1.104 218 256.22
2021 12 7 5 1.115 223 258.66
2021 12 8 5 1.1 226 264.59
2021 12 9 5 1.316 253 259.38
2021 12 10 5 1.32 262 249.23
2021 12 11 5 1.306 268 259.39
2021 12 12 5 1.303 274 242.86
2021 12 13 5 1.252 274 266.81
2021 12 14 5 1.21 274 248.97
2021 12 15 5 1.177 274 253.81
2021 12 16 5 1.15 275 254.2
2021 12 17 5 1.128 275 244.53
2021 12 18 5 1.109 275 249.91
2021 12 19 5 1.093 275 247.6
2021 12 20 5 1.078 275 249.32
2021 12 21 5 1.066 275 244.73
2021 12 22 5 1.055 275 238.88
2021 12 23 5 1.045 275 252.33
2021 12 24 5 1.035 275 253.75
2021 12 25 5 1.03 276 252.7
2021 12 26 5 1.022 276 263.01
2021 12 27 5 1.021 277 256.31
2021 12 28 5 1.066 284 264.93
2021 12 29 5 1.175 301 266.94
2021 12 30 5 1.31 326 272.5
2021 12 31 5 1.282 328 255.28
2022 1 1 5 1.258 329 254.84
2022 1 2 5 1.238 329 258.7
2022 1 3 5 1.221 329 259.24
2022 1 4 5 1.212 330 271.19
2022 1 5 5 1.267 339 265.16
2022 1 6 5 1.416 358 255.17
2022 1 7 5 1.394 359 238.13
2022 1 8 5 1.401 362 257.09
2022 1 9 5 1.431 366 259.41
2022 1 10 5 1.507 376 254.25
2022 1 11 5 1.486 377 242.54
2022 1 12 5 1.458 377 236.77
2022 1 13 5 1.435 377 241.38
2022 1 14 5 1.414 377 247.43
2022 1 15 5 1.395 377 244.71
2022 1 16 5 1.378 377 253.18
2022 1 17 5 1.376 379 263.23
2022 1 18 5 1.365 379 243.96
2022 1 19 5 1.351 379 248.25
2022 1 20 5 1.351 381 261.21
2022 1 21 5 1.412 388 256.8
2022 1 22 5 1.399 388 257.4
2022 1 23 5 1.406 390 247.74
2022 1 24 5 1.391 391 245.86
2022 1 25 5 1.378 391 248.45
2022 1 26 5 1.366 391 249.21
2022 1 27 5 1.355 391 245.56
2022 1 28 5 1.364 393 262.91
2022 1 29 5 1.359 394 261.49
2022 1 30 5 1.351 395 267.31
2022 1 31 5 1.342 395 257.36
2022 2 1 5 1.754 440 257.73
2022 2 2 5 1.932 465 263.35
2022 2 3 5 2.077 498 265.89
2022 2 4 5 1.998 498 248.29
2022 2 5 5 1.963 500 265.24
2022 2 6 5 1.919 501 245.79
2022 2 7 5 2.065 525 261.11
2022 2 8 5 2.118 537 251.6
2022 2 9 5 2.064 538 252.01
2022 2 10 5 2.02 538 247.42
2022 2 11 5 1.983 538 262.31
2022 2 12 5 1.987 542 227.55
2022 2 13 5 1.958 542 240.44
2022 2 14 5 1.933 542 241.54
2022 2 15 5 1.984 550 263.75
2022 2 16 5 2.069 564 248.89
2022 2 17 5 2.112 575 271.27
2022 2 18 5 2.09 579 252.19
2022 2 19 5 2.121 587 263.87
2022 2 20 5 2.092 588 261.25
2022 2 21 5 2.067 589 265.88
2022 2 22 5 2.345 625 261.27
2022 2 23 5 2.407 640 265.76
2022 2 24 5 2.355 641 249.64
2022 2 25 5 2.337 644 262.19
2022 2 26 5 2.396 653 251.87
2022 2 27 5 2.359 653 231.43
2022 2 28 5 2.321 653 240.97
2022 3 1 5 2.289 653 230.33
2022 3 2 5 2.26 653 241.05
2022 3 3 5 2.231 653 253
2022 3 4 5 2.22 655 242.73
2022 3 5 5 2.198 655 226.85
2022 3 6 5 2.178 655 229.48
2022 3 7 5 2.16 655 231.41
2022 3 8 5 2.143 655 234.32
2022 3 9 5 2.127 655 241.18
2022 3 10 5 2.113 655 239.94
2022 3 11 5 2.099 655 242.5
2022 3 12 5 2.085 655 255.1
2022 3 13 5 2.071 655 250.81
2022 3 14 5 2.058 655 260.05
2022 3 15 5 2.049 656 268.88
2022 3 16 5 2.047 658 257.06
2022 3 17 5 2.029 658 254.23
2022 3 18 5 2.018 659 269.21
2022 3 19 5 2.001 659 249.78
2022 3 20 5 1.992 659 247.72
2022 3 21 5 1.982 659 243.92
2022 3 22 5 1.973 659 242.01
2022 3 23 5 1.965 659 244.11
2022 3 24 5 1.956 659 245.18
2022 3 25 5 1.947 659 246.27
2022 3 26 5 1.94 659 251.8
2022 3 27 5 1.929 659 247.52
2022 3 28 5 1.912 659 247.43
2022 3 29 5 1.898 658 256.48
2022 3 30 5 1.875 658 265.9
2022 3 31 5 1.885 661 268.16
2022 4 1 5 2.003 676 264.02
2022 4 2 5 2.178 695 259.31
2022 4 3 5 2.221 700 251.97
2022 4 4 5 2.207 701 242.28
2022 4 5 5 2.2 702 266.34
2022 4 6 5 2.204 706 252.08
2022 4 7 5 2.22 711 267.3
2022 4 8 5 2.278 723 268.93
2022 4 9 5 2.347 737 262.78
2022 4 10 5 2.407 745 256.08
2022 4 11 5 2.395 746 253.51
2022 4 12 5 2.37 746 255.9
2022 4 13 5 2.346 746 261.24
2022 4 14 5 2.319 746 261.89
2022 4 15 5 2.296 747 264.84
2022 4 16 5 2.24 748 261.16
2022 4 17 5 2.224 748 247.19
2022 4 18 5 2.21 748 248.72
2022 4 19 5 2.198 748 250.61
2022 4 20 5 2.186 747 249.65
2022 4 21 5 2.169 747 250.39
2022 4 22 5 2.147 747 260.44
2022 4 23 5 2.113 747 267.16
2022 4 24 5 2.102 749 262.85
2022 4 25 5 2.215 766 268.71
2022 4 26 5 2.286 777 268.98
2022 4 27 5 2.329 784 264.24
2022 4 28 5 2.313 784 247.34
2022 4 29 5 2.299 784 244.55
2022 4 30 5 2.349 793 269.55
2022 5 1 5 2.445 808 261.73
2022 5 2 5 2.438 810 249.95
2022 5 3 5 2.418 811 263.72
2022 5 4 5 2.438 819 270.43
2022 5 5 5 2.434 822 265.15
2022 5 6 5 2.416 827 271.26
2022 5 7 5 2.391 830 272.32
2022 5 8 5 2.358 832 272.89
2022 5 9 5 2.325 835 269.23
2022 5 10 5 2.282 835 257.55
2022 5 11 5 2.252 835 265.76
2022 5 12 5 2.201 835 268.77
2022 5 13 5 2.118 836 273.15
2022 5 14 5 2.025 821 273.15
2022 5 15 5 1.944 804 267.08
2022 5 16 5 1.864 786 273.15
2022 5 17 5 1.805 770 268.13
2022 5 18 5 1.733 750 268.34
2022 5 19 5 1.662 727 271.44
2022 5 20 5 1.596 706 271.23
2022 5 21 5 1.508 673 273.15
2022 5 22 5 1.437 646 270.79
2022 5 23 5 1.36 617 273.15
2022 5 24 5 1.282 585 273.15
2022 5 25 5 1.303 580 273.03
2022 5 26 5 1.281 574 264.8
2022 5 27 5 1.239 563 266.26
2022 5 28 5 1.186 546 273.15
2022 5 29 5 1.158 531 271.02
2022 5 30 5 1.203 538 270.04
2022 5 31 5 1.214 541 267.48
2022 6 1 5 1.181 536 265.42
2022 6 2 5 1.145 527 273.15
2022 6 3 5 1.098 510 273.15
2022 6 4 5 1.054 494 269.42
2022 6 5 5 0.997 473 273.15
2022 6 6 5 0.942 449 267.31
2022 6 7 5 0.883 424 273.15
2022 6 8 5 0.847 408 269.61
2022 6 9 5 0.84 392 271.55
2022 6 10 5 0.856 395 271.43
2022 6 11 5 0.855 395 259.9
2022 6 12 5 0.855 395 261.16
2022 6 13 5 0.844 400 272.67
2022 6 14 5 0.822 392 263.71
2022 6 15 5 0.807 391 271.61
2022 6 16 5 0.773 380 273.15
2022 6 17 5 0.741 366 269.66
2022 6 18 5 0.707 352 268.42
2022 6 19 5 0.669 336 272.88
2022 6 20 5 0.61 308 273.15
2022 6 21 5 0.556 281 271.82
2022 6 22 5 0.508 259 273.15
2022 6 23 5 0.472 240 272.6
2022 6 24 5 0.402 205 273.15
2022 6 25 5 0.376 188 267.46
2022 6 26 5 0.324 164 270.21
2022 6 27 5 0.26 135 273.15
2022 6 28 5 0.191 101 273.15
2022 6 29 5 0.158 84 273.15
2022 6 30 5 0.107 58 272.99
2022 7 1 5 0.028 16 273.15
