year month day hour Ds SWE Tsrf
2021 9 2 5 0 0 279.65
2021 9 3 5 0 0 279.88
2021 9 4 5 0 0 279.83
2021 9 5 5 0 0 279.65
2021 9 6 5 0 0 282.04
2021 9 7 5 0 0 281.26
2021 9 8 5 0 0 284.36
2021 9 9 5 0 0 286.17
2021 9 10 5 0 0 285.95
2021 9 11 5 0 0 284.29
2021 9 12 5 0 0 283.48
2021 9 13 5 0 0 283.07
2021 9 14 5 0 0 284.57
2021 9 15 5 0 0 288.26
2021 9 16 5 0 0 287.33
2021 9 17 5 0 0 284.26
2021 9 18 5 0 0 277.08
2021 9 19 5 0 0 281.28
2021 9 20 5 0 0 281.21
2021 9 21 5 0 0 275.58
2021 9 22 5 0 0 276.89
2021 9 23 5 0 0 276.93
2021 9 24 5 0 0 276.8
2021 9 25 5 0 0 279.6
2021 9 26 5 0 0 286.51
2021 9 27 5 0 0 283.41
2021 9 28 5 0 0 284.56
2021 9 29 5 0 0 283.52
2021 9 30 5 0 0 279.92
2021 10 1 5 0 0 277.19
2021 10 2 5 0 0 283.21
2021 10 3 5 0 0 286.62
2021 10 4 5 0 0 282.33
2021 10 5 5 0 0 281.89
2021 10 6 5 0 0 279.11
2021 10 7 5 0 0 278.35
2021 10 8 5 0 0 273.93
2021 10 9 5 0 0 275.43
2021 10 10 5 0 0 271.22
2021 10 11 5 0 0 269.15
2021 10 12 5 0 0 273.41
2021 10 13 5 0 0 276.31
2021 10 14 5 0 0 270.71
2021 10 15 5 0 0 270.39
2021 10 16 5 0 0 272.15
2021 10 17 5 0 0 270.84
2021 10 18 5 0 0 273.61
2021 10 19 5 0 0 277.78
2021 10 20 5 0 0 279.14
2021 10 21 5 0 0 282.88
2021 10 22 5 0 0 276.88
2021 10 23 5 0 0 270.57
2021 10 24 5 0 0 273.28
2021 10 25 5 0 0 273.94
2021 10 26 5 0 0 275.91
2021 10 27 5 0 0 272.94
2021 10 28 5 0 0 272.49
2021 10 29 5 0 0 274.54
2021 10 30 5 0 0 279.79
2021 10 31 5 0 0 282.78
2021 11 1 5 0 0 281.46
2021 11 2 5 0 0 277.25
2021 11 3 5 0 0 276.34
2021 11 4 5 0.027 3 272.18
2021 11 5 5 0 0 273.89
2021 11 6 5 0 0 268.96
2021 11 7 5 0 0 267.85
2021 11 8 5 0 0 273.51
2021 11 9 5 0 0 268.71
2021 11 10 5 0 0 276.49
2021 11 11 5 0 0 282.49
2021 11 12 5 0 0 274.36
2021 11 13 5 0 0 275.83
2021 11 14 5 0 0 276.95
2021 11 15 5 0 0 274.06
2021 11 16 5 0 0 274.6
2021 11 17 5 0 0 275.44
2021 11 18 5 0 0 271.07
2021 11 19 5 0 0 268.45
2021 11 20 5 0 0 270.85
2021 11 21 5 0 0 268.66
2021 11 22 5 0.007 1 273.15
2021 11 23 5 0.018 2 273.15
2021 11 24 5 0 0 269.45
2021 11 25 5 0 0 272.99
2021 11 26 5 0.032 2 271.82
2021 11 27 5 0.055 5 268.82
2021 11 28 5 0.12 12 269.91
2021 11 29 5 0.286 26 268.78
2021 11 30 5 0.316 35 268.14
2021 12 1 5 0.209 34 272.16
2021 12 2 5 0.162 31 271.55
2021 12 3 5 0.258 41 266.61
2021 12 4 5 0.268 49 273.15
2021 12 5 5 0.215 42 270.38
2021 12 6 5 0.232 43 270.15
2021 12 7 5 0.243 46 270.46
2021 12 8 5 0.22 45 272.89
2021 12 9 5 0.435 70 270.29
2021 12 10 5 0.405 78 267.61
2021 12 11 5 0.402 83 270.49
2021 12 12 5 0.396 86 268.36
2021 12 13 5 0.349 85 273.15
2021 12 14 5 0.308 80 268.62
2021 12 15 5 0.289 78 262.35
2021 12 16 5 0.286 79 262.48
2021 12 17 5 0.285 79 262.02
2021 12 18 5 0.286 79 263.21
2021 12 19 5 0.286 79 256.91
2021 12 20 5 0.286 79 252.34
2021 12 21 5 0.288 79 256.21
2021 12 22 5 0.289 79 253.67
2021 12 23 5 0.289 80 267.07
2021 12 24 5 0.27 79 269.79
2021 12 25 5 0.236 72 272.98
2021 12 26 5 0.215 67 272.72
2021 12 27 5 0.196 62 272.32
2021 12 28 5 0.17 55 273.15
2021 12 29 5 0.106 34 273.15
2021 12 30 5 0.034 11 273.15
2021 12 31 5 0 0 270.99
2022 1 1 5 0 0 269.98
2022 1 2 5 0 0 273.34
2022 1 3 5 0 0 278.41
2022 1 4 5 0 0 278.23
2022 1 5 5 0.058 6 272.38
2022 1 6 5 0.108 12 267.62
2022 1 7 5 0.132 14 251.25
2022 1 8 5 0.134 16 268.87
2022 1 9 5 0.146 21 272.56
2022 1 10 5 0.246 32 269.25
2022 1 11 5 0.218 34 262.2
2022 1 12 5 0.2 34 245.56
2022 1 13 5 0.195 34 259.09
2022 1 14 5 0.191 34 261.57
2022 1 15 5 0.187 34 264.91
2022 1 16 5 0.18 35 257.59
2022 1 17 5 0.186 36 271.8
2022 1 18 5 0.172 36 263.63
2022 1 19 5 0.17 37 261.34
2022 1 20 5 0.186 38 269.69
2022 1 21 5 0.254 44 267.73
2022 1 22 5 0.262 45 265.71
2022 1 23 5 0.255 45 262.94
2022 1 24 5 0.249 45 261.39
2022 1 25 5 0.243 45 257.7
2022 1 26 5 0.236 45 251.8
2022 1 27 5 0.233 45 258.82
2022 1 28 5 0.241 48 271.85
2022 1 29 5 0.22 48 269.02
2022 1 30 5 0.191 46 273.15
2022 1 31 5 0.168 41 270.44
2022 2 1 5 0.387 68 270.25
2022 2 2 5 0.464 84 273.15
2022 2 3 5 0.351 79 273.15
2022 2 4 5 0.304 74 265.51
2022 2 5 5 0.323 77 271.79
2022 2 6 5 0.31 77 257.23
2022 2 7 5 0.287 73 271.15
2022 2 8 5 0.285 74 259.49
2022 2 9 5 0.272 74 266.06
2022 2 10 5 0.26 74 263.87
2022 2 11 5 0.237 71 273.15
2022 2 12 5 0.34 82 264.99
2022 2 13 5 0.33 82 264.5
2022 2 14 5 0.315 80 269.84
2022 2 15 5 0.3 79 272.86
2022 2 16 5 0.321 82 272.36
2022 2 17 5 0.214 60 273.15
2022 2 18 5 0.091 26 271.92
2022 2 19 5 0.078 12 270.88
2022 2 20 5 0.088 13 271.11
2022 2 21 5 0.038 7 273.15
2022 2 22 5 0.078 12 272.84
2022 2 23 5 0.037 6 273.15
2022 2 24 5 0 0 273.05
2022 2 25 5 0.092 9 271.25
2022 2 26 5 0.112 12 265.02
2022 2 27 5 0.094 12 259.6
2022 2 28 5 0.075 11 259.24
2022 3 1 5 0.052 9 254.73
2022 3 2 5 0.031 5 264.87
2022 3 3 5 0 0 269.93
2022 3 4 5 0 0 266.52
2022 3 5 5 0 0 264.53
2022 3 6 5 0 0 263.95
2022 3 7 5 0 0 263.71
2022 3 8 5 0 0 264.31
2022 3 9 5 0 0 264.48
2022 3 10 5 0 0 267.93
2022 3 11 5 0 0 273.65
2022 3 12 5 0 0 272.88
2022 3 13 5 0 0 273.74
2022 3 14 5 0 0 273.45
2022 3 15 5 0 0 278.82
2022 3 16 5 0 0 276.5
2022 3 17 5 0 0 271.61
2022 3 18 5 0 0 277.1
2022 3 19 5 0 0 271.44
2022 3 20 5 0 0 275.23
2022 3 21 5 0 0 272.01
2022 3 22 5 0 0 273.48
2022 3 23 5 0 0 272.84
2022 3 24 5 0 0 270.33
2022 3 25 5 0 0 272.25
2022 3 26 5 0 0 275.5
2022 3 27 5 0 0 275.3
2022 3 28 5 0 0 272.39
2022 3 29 5 0 0 275.51
2022 3 30 5 0 0 278.7
2022 3 31 5 0 0 277.64
2022 4 1 5 0.029 3 272.42
2022 4 2 5 0.194 21 268.66
2022 4 3 5 0.246 30 266.66
2022 4 4 5 0.21 31 260.46
2022 4 5 5 0.125 23 273.01
2022 4 6 5 0.051 10 272.11
2022 4 7 5 0 0 273.08
2022 4 8 5 0 0 277.06
2022 4 9 5 0.064 7 271.48
2022 4 10 5 0.095 12 270.68
2022 4 11 5 0.011 2 272.83
2022 4 12 5 0 0 277.53
2022 4 13 5 0 0 278.58
2022 4 14 5 0 0 279.32
2022 4 15 5 0 0 282.85
2022 4 16 5 0 0 277.43
2022 4 17 5 0 0 269.9
2022 4 18 5 0 0 270.85
2022 4 19 5 0 0 271.34
2022 4 20 5 0 0 273.16
2022 4 21 5 0 0 271.31
2022 4 22 5 0 0 274.14
2022 4 23 5 0 0 279.51
2022 4 24 5 0 0 277.4
2022 4 25 5 0 0 277.67
2022 4 26 5 0 0 278.59
2022 4 27 5 0 0 275.37
2022 4 28 5 0 0 273.13
2022 4 29 5 0 0 274.12
2022 4 30 5 0 0 280.04
2022 5 1 5 0 0 278.73
2022 5 2 5 0 0 274.68
2022 5 3 5 0 0 278.09
2022 5 4 5 0 0 281.02
2022 5 5 5 0 0 280.45
2022 5 6 5 0 0 280.54
2022 5 7 5 0 0 280.89
2022 5 8 5 0 0 281.18
2022 5 9 5 0 0 281.45
2022 5 10 5 0 0 279.24
2022 5 11 5 0 0 282.2
2022 5 12 5 0 0 286.05
2022 5 13 5 0 0 286.14
2022 5 14 5 0 0 284.48
2022 5 15 5 0 0 282.08
2022 5 16 5 0 0 286.36
2022 5 17 5 0 0 282.89
2022 5 18 5 0 0 282.35
2022 5 19 5 0 0 286.55
2022 5 20 5 0 0 286.61
2022 5 21 5 0 0 287.2
2022 5 22 5 0 0 286.2
2022 5 23 5 0 0 287.53
2022 5 24 5 0 0 284.48
2022 5 25 5 0 0 282.28
2022 5 26 5 0 0 279.75
2022 5 27 5 0 0 279.25
2022 5 28 5 0 0 282.77
2022 5 29 5 0 0 280.2
2022 5 30 5 0 0 276.15
2022 5 31 5 0 0 281.88
2022 6 1 5 0 0 282.83
2022 6 2 5 0 0 284.99
2022 6 3 5 0 0 287.02
2022 6 4 5 0 0 286.34
2022 6 5 5 0 0 288.31
2022 6 6 5 0 0 281.95
2022 6 7 5 0 0 285.81
2022 6 8 5 0 0 283.74
2022 6 9 5 0 0 282.71
2022 6 10 5 0 0 282.41
2022 6 11 5 0 0 280.34
2022 6 12 5 0 0 283.1
2022 6 13 5 0 0 287.62
2022 6 14 5 0 0 281.75
2022 6 15 5 0 0 286.63
2022 6 16 5 0 0 288.61
2022 6 17 5 0 0 284.73
2022 6 18 5 0 0 284.99
2022 6 19 5 0 0 290.48
2022 6 20 5 0 0 290.9
2022 6 21 5 0 0 289.11
2022 6 22 5 0 0 290.66
2022 6 23 5 0 0 286.92
2022 6 24 5 0 0 288.3
2022 6 25 5 0 0 282.38
2022 6 26 5 0 0 287.72
2022 6 27 5 0 0 287.43
2022 6 28 5 0 0 286.58
2022 6 29 5 0 0 287.5
2022 6 30 5 0 0 288.77
2022 7 1 5 0 0 285.11
2022 7 2 5 0 0 280.65
2022 7 3 5 0 0 286.04
2022 7 4 5 0 0 288.42
2022 7 5 5 0 0 288.04
2022 7 6 5 0 0 284.13
2022 7 7 5 0 0 284.42
2022 7 8 5 0 0 284.37
2022 7 9 5 0 0 280.91
2022 7 10 5 0 0 286.28
2022 7 11 5 0 0 282.86
2022 7 12 5 0 0 282.3
2022 7 13 5 0 0 284.41
2022 7 14 5 0 0 289.76
2022 7 15 5 0 0 288.27
2022 7 16 5 0 0 284.16
2022 7 17 5 0 0 284.92
2022 7 18 5 0 0 285.05
2022 7 19 5 0 0 287.41
2022 7 20 5 0 0 291.14
2022 7 21 5 0 0 290.13
2022 7 22 5 0 0 286.84
2022 7 23 5 0 0 290.07
2022 7 24 5 0 0 287.75
2022 7 25 5 0 0 289.03
2022 7 26 5 0 0 289.04
2022 7 27 5 0 0 287.54
2022 7 28 5 0 0 284.63
2022 7 29 5 0 0 288.43
2022 7 30 5 0 0 287.54
2022 7 31 5 0 0 285.42
2022 8 1 5 0 0 287.38
